#============================================================================
# Opacities computed by OpTool
# Method:   DHS  fmax=  0.800
# Parameters:
#   amin [um]=      1.500 amax [um]=      1.500  na  =    1     apow=   3.5    
#   lmin [um]=      6.700 lmax [um]=     50.000  nlam= 1000     nang=   180
#   porosity =      0.000 p_mantle =      0.000  fmax= 0.80     chop=   0.0
# Composition:
#  Where   mfrac  rho   Material
#  -----   -----  ----  -----------------------------------------------------
#  core    0.333  3.30  /Users/jvarga/Dokumentumok/MATISSE/pro/optool/lnk_data/ad/oliSC_x_551K.lnk
#  core    0.333  3.30  /Users/jvarga/Dokumentumok/MATISSE/pro/optool/lnk_data/ad/oliSC_y_551K.lnk
#  core    0.333  3.30  /Users/jvarga/Dokumentumok/MATISSE/pro/optool/lnk_data/ad/oliSC_z_551K.lnk
#  - - -   - - -  -  -  - - - - - - - - - - - - - - - - - - - - - - - - - - -
#============================================================================
# Standard output file, no scattering matrix
#    iformat
#    nlambda
#    lambda[um]  kabs [cm^2/g]  ksca [cm^2/g]    g_asymmetry
#============================================================================
           3
        1000
   6.700000e+00   2.705031e+01   4.893339e+02   5.929464e-01
   6.713493e+00   2.721356e+01   4.836728e+02   5.921217e-01
   6.727014e+00   2.737245e+01   4.780633e+02   5.912784e-01
   6.740562e+00   2.753981e+01   4.724965e+02   5.904162e-01
   6.754137e+00   2.771016e+01   4.669849e+02   5.895359e-01
   6.767740e+00   2.787394e+01   4.615209e+02   5.886370e-01
   6.781370e+00   2.806033e+01   4.560947e+02   5.877201e-01
   6.795027e+00   2.822519e+01   4.507259e+02   5.867848e-01
   6.808712e+00   2.839822e+01   4.454002e+02   5.858316e-01
   6.822424e+00   2.858085e+01   4.401210e+02   5.848609e-01
   6.836164e+00   2.874964e+01   4.348842e+02   5.838722e-01
   6.849932e+00   2.893677e+01   4.296955e+02   5.828665e-01
   6.863727e+00   2.913276e+01   4.245436e+02   5.818431e-01
   6.877551e+00   2.932470e+01   4.194371e+02   5.808029e-01
   6.891402e+00   2.950979e+01   4.143767e+02   5.797451e-01
   6.905281e+00   2.970743e+01   4.093580e+02   5.786710e-01
   6.919188e+00   2.990418e+01   4.043853e+02   5.775801e-01
   6.933123e+00   3.009228e+01   3.994467e+02   5.764726e-01
   6.947086e+00   3.029584e+01   3.945549e+02   5.753488e-01
   6.961077e+00   3.050436e+01   3.896949e+02   5.742087e-01
   6.975096e+00   3.070550e+01   3.848850e+02   5.730530e-01
   6.989143e+00   3.090786e+01   3.801135e+02   5.718814e-01
   7.003219e+00   3.112670e+01   3.753724e+02   5.706939e-01
   7.017323e+00   3.134875e+01   3.706780e+02   5.694916e-01
   7.031456e+00   3.157105e+01   3.660191e+02   5.682736e-01
   7.045617e+00   3.180121e+01   3.613933e+02   5.670408e-01
   7.059806e+00   3.201914e+01   3.568075e+02   5.657925e-01
   7.074025e+00   3.224788e+01   3.522595e+02   5.645303e-01
   7.088271e+00   3.248515e+01   3.477408e+02   5.632530e-01
   7.102547e+00   3.271032e+01   3.432648e+02   5.619616e-01
   7.116851e+00   3.295720e+01   3.388234e+02   5.606564e-01
   7.131184e+00   3.318462e+01   3.344158e+02   5.593367e-01
   7.145546e+00   3.343557e+01   3.300388e+02   5.580033e-01
   7.159937e+00   3.368585e+01   3.257006e+02   5.566571e-01
   7.174356e+00   3.394792e+01   3.213865e+02   5.552966e-01
   7.188805e+00   3.419095e+01   3.171183e+02   5.539234e-01
   7.203283e+00   3.445129e+01   3.128708e+02   5.525369e-01
   7.217790e+00   3.471006e+01   3.086575e+02   5.511376e-01
   7.232326e+00   3.499484e+01   3.044822e+02   5.497267e-01
   7.246892e+00   3.526062e+01   3.003302e+02   5.483020e-01
   7.261487e+00   3.554670e+01   2.962157e+02   5.468666e-01
   7.276111e+00   3.582073e+01   2.921288e+02   5.454182e-01
   7.290765e+00   3.610239e+01   2.880764e+02   5.439586e-01
   7.305448e+00   3.639149e+01   2.840474e+02   5.424866e-01
   7.320161e+00   3.669209e+01   2.800435e+02   5.410032e-01
   7.334904e+00   3.700042e+01   2.760750e+02   5.395095e-01
   7.349676e+00   3.730139e+01   2.721405e+02   5.380048e-01
   7.364478e+00   3.760988e+01   2.682241e+02   5.364881e-01
   7.379309e+00   3.791437e+01   2.643418e+02   5.349611e-01
   7.394171e+00   3.824231e+01   2.604867e+02   5.334245e-01
   7.409062e+00   3.856168e+01   2.566560e+02   5.318770e-01
   7.423984e+00   3.888811e+01   2.528535e+02   5.303191e-01
   7.438935e+00   3.921529e+01   2.490828e+02   5.287520e-01
   7.453917e+00   3.957484e+01   2.453315e+02   5.271752e-01
   7.468929e+00   3.992893e+01   2.416075e+02   5.255883e-01
   7.483971e+00   4.026555e+01   2.379121e+02   5.239923e-01
   7.499043e+00   4.063682e+01   2.342417e+02   5.223875e-01
   7.514146e+00   4.099548e+01   2.305944e+02   5.207732e-01
   7.529279e+00   4.135910e+01   2.269710e+02   5.191499e-01
   7.544443e+00   4.174413e+01   2.233773e+02   5.175190e-01
   7.559637e+00   4.214221e+01   2.198119e+02   5.158803e-01
   7.574862e+00   4.251897e+01   2.162603e+02   5.142311e-01
   7.590117e+00   4.292055e+01   2.127392e+02   5.125756e-01
   7.605403e+00   4.332667e+01   2.092391e+02   5.109112e-01
   7.620720e+00   4.375111e+01   2.057631e+02   5.092399e-01
   7.636068e+00   4.416270e+01   2.023121e+02   5.075605e-01
   7.651447e+00   4.460458e+01   1.988849e+02   5.058746e-01
   7.666856e+00   4.503979e+01   1.954809e+02   5.041809e-01
   7.682297e+00   4.547638e+01   1.921014e+02   5.024803e-01
   7.697769e+00   4.593256e+01   1.887416e+02   5.007727e-01
   7.713272e+00   4.639111e+01   1.854049e+02   4.990585e-01
   7.728806e+00   4.686805e+01   1.820909e+02   4.973379e-01
   7.744371e+00   4.734427e+01   1.788014e+02   4.956108e-01
   7.759968e+00   4.782889e+01   1.755315e+02   4.938772e-01
   7.775596e+00   4.833174e+01   1.722846e+02   4.921382e-01
   7.791256e+00   4.885466e+01   1.690571e+02   4.903932e-01
   7.806947e+00   4.936289e+01   1.658561e+02   4.886420e-01
   7.822670e+00   4.989266e+01   1.626754e+02   4.868858e-01
   7.838425e+00   5.043685e+01   1.595163e+02   4.851239e-01
   7.854211e+00   5.097820e+01   1.563790e+02   4.833566e-01
   7.870029e+00   5.154864e+01   1.532639e+02   4.815849e-01
   7.885879e+00   5.211836e+01   1.501706e+02   4.798079e-01
   7.901760e+00   5.270158e+01   1.470987e+02   4.780261e-01
   7.917674e+00   5.330910e+01   1.440484e+02   4.762396e-01
   7.933620e+00   5.391635e+01   1.410202e+02   4.744488e-01
   7.949598e+00   5.455786e+01   1.380131e+02   4.726540e-01
   7.965608e+00   5.517690e+01   1.350270e+02   4.708538e-01
   7.981650e+00   5.583338e+01   1.320649e+02   4.690508e-01
   7.997725e+00   5.650720e+01   1.291218e+02   4.672434e-01
   8.013832e+00   5.718525e+01   1.262023e+02   4.654320e-01
   8.029972e+00   5.789129e+01   1.233075e+02   4.636179e-01
   8.046144e+00   5.860369e+01   1.204281e+02   4.617990e-01
   8.062348e+00   5.934188e+01   1.175763e+02   4.599780e-01
   8.078585e+00   6.009361e+01   1.147470e+02   4.581537e-01
   8.094855e+00   6.084463e+01   1.119382e+02   4.563255e-01
   8.111158e+00   6.163319e+01   1.091528e+02   4.544950e-01
   8.127493e+00   6.242754e+01   1.063942e+02   4.526621e-01
   8.143862e+00   6.326907e+01   1.036525e+02   4.508261e-01
   8.160263e+00   6.410817e+01   1.009407e+02   4.489881e-01
   8.176697e+00   6.497307e+01   9.824850e+01   4.471473e-01
   8.193165e+00   6.586378e+01   9.558223e+01   4.453047e-01
   8.209666e+00   6.678833e+01   9.293973e+01   4.434603e-01
   8.226199e+00   6.772019e+01   9.032530e+01   4.416138e-01
   8.242767e+00   6.867496e+01   8.773334e+01   4.397653e-01
   8.259367e+00   6.965313e+01   8.516931e+01   4.379154e-01
   8.276001e+00   7.067359e+01   8.263159e+01   4.360644e-01
   8.292669e+00   7.171513e+01   8.011929e+01   4.342117e-01
   8.309370e+00   7.278139e+01   7.763916e+01   4.323588e-01
   8.326104e+00   7.388831e+01   7.518156e+01   4.305037e-01
   8.342873e+00   7.501121e+01   7.275885e+01   4.286488e-01
   8.359675e+00   7.617290e+01   7.036454e+01   4.267928e-01
   8.376511e+00   7.737055e+01   6.799892e+01   4.249361e-01
   8.393381e+00   7.860271e+01   6.566575e+01   4.230789e-01
   8.410285e+00   7.989280e+01   6.336967e+01   4.212233e-01
   8.427223e+00   8.118018e+01   6.110227e+01   4.193651e-01
   8.444195e+00   8.254806e+01   5.887202e+01   4.175081e-01
   8.461201e+00   8.394615e+01   5.667945e+01   4.156516e-01
   8.478241e+00   8.537348e+01   5.452341e+01   4.137944e-01
   8.495316e+00   8.686244e+01   5.240506e+01   4.119374e-01
   8.512425e+00   8.840606e+01   5.033125e+01   4.100818e-01
   8.529569e+00   8.999126e+01   4.829744e+01   4.082255e-01
   8.546747e+00   9.163533e+01   4.630939e+01   4.063697e-01
   8.563960e+00   9.333836e+01   4.436595e+01   4.045135e-01
   8.581207e+00   9.510472e+01   4.247423e+01   4.026581e-01
   8.598489e+00   9.694781e+01   4.063282e+01   4.008021e-01
   8.615806e+00   9.883999e+01   3.884246e+01   3.989439e-01
   8.633158e+00   1.008132e+02   3.711109e+01   3.970850e-01
   8.650545e+00   1.028719e+02   3.543931e+01   3.952240e-01
   8.667967e+00   1.050013e+02   3.382840e+01   3.933583e-01
   8.685424e+00   1.072201e+02   3.228480e+01   3.914879e-01
   8.702916e+00   1.095374e+02   3.081170e+01   3.896109e-01
   8.720443e+00   1.119479e+02   2.941434e+01   3.877253e-01
   8.738005e+00   1.144722e+02   2.809561e+01   3.858275e-01
   8.755603e+00   1.171069e+02   2.686043e+01   3.839135e-01
   8.773237e+00   1.198725e+02   2.571774e+01   3.819811e-01
   8.790906e+00   1.227738e+02   2.467158e+01   3.800245e-01
   8.808610e+00   1.258060e+02   2.372787e+01   3.780357e-01
   8.826350e+00   1.290103e+02   2.289632e+01   3.760085e-01
   8.844126e+00   1.323815e+02   2.218476e+01   3.739350e-01
   8.861938e+00   1.359314e+02   2.160286e+01   3.718048e-01
   8.879785e+00   1.396937e+02   2.116106e+01   3.696082e-01
   8.897669e+00   1.436939e+02   2.087181e+01   3.673301e-01
   8.915588e+00   1.479173e+02   2.074713e+01   3.649606e-01
   8.933544e+00   1.524266e+02   2.080313e+01   3.624881e-01
   8.951535e+00   1.572376e+02   2.105704e+01   3.599023e-01
   8.969563e+00   1.623955e+02   2.152578e+01   3.571936e-01
   8.987628e+00   1.679428e+02   2.223811e+01   3.543536e-01
   9.005728e+00   1.739183e+02   2.321264e+01   3.513847e-01
   9.023865e+00   1.804060e+02   2.448298e+01   3.482886e-01
   9.042039e+00   1.874618e+02   2.607720e+01   3.450753e-01
   9.060249e+00   1.951739e+02   2.803831e+01   3.417514e-01
   9.078496e+00   2.036658e+02   3.041986e+01   3.383211e-01
   9.096780e+00   2.130653e+02   3.326797e+01   3.348003e-01
   9.115100e+00   2.235606e+02   3.665256e+01   3.311905e-01
   9.133458e+00   2.353213e+02   4.063973e+01   3.274948e-01
   9.151852e+00   2.486397e+02   4.532311e+01   3.237012e-01
   9.170283e+00   2.638701e+02   5.081420e+01   3.197844e-01
   9.188752e+00   2.814053e+02   5.724439e+01   3.157043e-01
   9.207258e+00   3.018729e+02   6.475789e+01   3.114103e-01
   9.225801e+00   3.258899e+02   7.350087e+01   3.068300e-01
   9.244381e+00   3.541462e+02   8.359578e+01   3.018762e-01
   9.262999e+00   3.875951e+02   9.515035e+01   2.964334e-01
   9.281654e+00   4.270631e+02   1.081362e+02   2.903823e-01
   9.300347e+00   4.726287e+02   1.222527e+02   2.836342e-01
   9.319077e+00   5.236591e+02   1.367987e+02   2.761812e-01
   9.337845e+00   5.776488e+02   1.503536e+02   2.682368e-01
   9.356651e+00   6.297680e+02   1.611631e+02   2.601814e-01
   9.375495e+00   6.740312e+02   1.673723e+02   2.525930e-01
   9.394377e+00   7.047507e+02   1.676474e+02   2.462310e-01
   9.413297e+00   7.187094e+02   1.618880e+02   2.419809e-01
   9.432255e+00   7.161771e+02   1.514194e+02   2.407468e-01
   9.451251e+00   7.001844e+02   1.385765e+02   2.433115e-01
   9.470285e+00   6.754305e+02   1.262542e+02   2.497822e-01
   9.489358e+00   6.473355e+02   1.171591e+02   2.590945e-01
   9.508469e+00   6.207123e+02   1.130254e+02   2.692296e-01
   9.527619e+00   5.992241e+02   1.144444e+02   2.784050e-01
   9.546807e+00   5.850661e+02   1.211692e+02   2.859381e-01
   9.566034e+00   5.791234e+02   1.326120e+02   2.920172e-01
   9.585299e+00   5.814929e+02   1.482062e+02   2.970746e-01
   9.604604e+00   5.918278e+02   1.675520e+02   3.014891e-01
   9.623947e+00   6.098218e+02   1.904443e+02   3.055257e-01
   9.643329e+00   6.352664e+02   2.168449e+02   3.093254e-01
   9.662750e+00   6.680673e+02   2.468393e+02   3.128708e-01
   9.682211e+00   7.080632e+02   2.805859e+02   3.159327e-01
   9.701710e+00   7.549497e+02   3.182841e+02   3.180183e-01
   9.721249e+00   8.078362e+02   3.600497e+02   3.183718e-01
   9.740827e+00   8.650276e+02   4.058997e+02   3.161487e-01
   9.760445e+00   9.241086e+02   4.556917e+02   3.107957e-01
   9.780102e+00   9.826926e+02   5.092190e+02   3.024477e-01
   9.799798e+00   1.039315e+03   5.662794e+02   2.919396e-01
   9.819535e+00   1.093749e+03   6.267435e+02   2.804035e-01
   9.839311e+00   1.146619e+03   6.904866e+02   2.688236e-01
   9.859127e+00   1.198786e+03   7.573013e+02   2.578482e-01
   9.878982e+00   1.250974e+03   8.268412e+02   2.478113e-01
   9.898878e+00   1.303663e+03   8.985786e+02   2.388309e-01
   9.918814e+00   1.357092e+03   9.718434e+02   2.308966e-01
   9.938790e+00   1.411368e+03   1.045777e+03   2.239344e-01
   9.958806e+00   1.466402e+03   1.119399e+03   2.178362e-01
   9.978863e+00   1.522108e+03   1.191616e+03   2.124800e-01
   9.998960e+00   1.578413e+03   1.261247e+03   2.077357e-01
   1.001910e+01   1.635270e+03   1.327101e+03   2.034657e-01
   1.003928e+01   1.692832e+03   1.387979e+03   1.995285e-01
   1.005949e+01   1.751516e+03   1.442635e+03   1.957835e-01
   1.007975e+01   1.812176e+03   1.489948e+03   1.920887e-01
   1.010005e+01   1.876107e+03   1.528682e+03   1.883187e-01
   1.012039e+01   1.944688e+03   1.557523e+03   1.843678e-01
   1.014078e+01   2.017808e+03   1.574831e+03   1.801643e-01
   1.016120e+01   2.091106e+03   1.578404e+03   1.757051e-01
   1.018166e+01   2.154521e+03   1.566225e+03   1.711121e-01
   1.020217e+01   2.198303e+03   1.538392e+03   1.666870e-01
   1.022272e+01   2.222346e+03   1.497915e+03   1.628571e-01
   1.024330e+01   2.231156e+03   1.448049e+03   1.600229e-01
   1.026393e+01   2.220888e+03   1.390755e+03   1.585183e-01
   1.028460e+01   2.186599e+03   1.329404e+03   1.588212e-01
   1.030532e+01   2.138111e+03   1.269544e+03   1.616901e-01
   1.032607e+01   2.093499e+03   1.214964e+03   1.679480e-01
   1.034687e+01   2.063723e+03   1.165751e+03   1.781125e-01
   1.036771e+01   2.049448e+03   1.120204e+03   1.920889e-01
   1.038859e+01   2.048255e+03   1.075866e+03   2.092822e-01
   1.040951e+01   2.057737e+03   1.031714e+03   2.279117e-01
   1.043047e+01   2.077506e+03   9.901577e+02   2.445656e-01
   1.045148e+01   2.109977e+03   9.587449e+02   2.549775e-01
   1.047253e+01   2.158400e+03   9.499799e+02   2.561092e-01
   1.049362e+01   2.217676e+03   9.744930e+02   2.485637e-01
   1.051475e+01   2.269606e+03   1.031245e+03   2.357261e-01
   1.053593e+01   2.294564e+03   1.104350e+03   2.216919e-01
   1.055715e+01   2.289797e+03   1.174521e+03   2.102780e-01
   1.057841e+01   2.268405e+03   1.231485e+03   2.053416e-01
   1.059971e+01   2.241561e+03   1.278550e+03   2.085780e-01
   1.062106e+01   2.214863e+03   1.321532e+03   2.209125e-01
   1.064245e+01   2.193581e+03   1.363315e+03   2.423871e-01
   1.066388e+01   2.179734e+03   1.400285e+03   2.717989e-01
   1.068536e+01   2.166222e+03   1.427210e+03   3.058151e-01
   1.070688e+01   2.141887e+03   1.439500e+03   3.401088e-01
   1.072844e+01   2.100600e+03   1.435648e+03   3.701220e-01
   1.075005e+01   2.046988e+03   1.419875e+03   3.922402e-01
   1.077170e+01   1.990982e+03   1.400196e+03   4.054301e-01
   1.079339e+01   1.942668e+03   1.383747e+03   4.104761e-01
   1.081513e+01   1.909859e+03   1.375814e+03   4.090812e-01
   1.083691e+01   1.896050e+03   1.379203e+03   4.032620e-01
   1.085874e+01   1.901471e+03   1.394814e+03   3.947130e-01
   1.088061e+01   1.925617e+03   1.422959e+03   3.845394e-01
   1.090252e+01   1.965699e+03   1.463293e+03   3.732665e-01
   1.092448e+01   2.015836e+03   1.514706e+03   3.610073e-01
   1.094648e+01   2.070668e+03   1.576408e+03   3.479769e-01
   1.096852e+01   2.126807e+03   1.647503e+03   3.347165e-01
   1.099061e+01   2.183507e+03   1.727163e+03   3.218620e-01
   1.101275e+01   2.242103e+03   1.814991e+03   3.098749e-01
   1.103493e+01   2.302544e+03   1.909944e+03   2.989533e-01
   1.105715e+01   2.364773e+03   2.010901e+03   2.891498e-01
   1.107942e+01   2.428424e+03   2.116538e+03   2.804303e-01
   1.110173e+01   2.492002e+03   2.224773e+03   2.727068e-01
   1.112409e+01   2.554664e+03   2.333667e+03   2.658848e-01
   1.114650e+01   2.614320e+03   2.440667e+03   2.598404e-01
   1.116894e+01   2.669621e+03   2.543199e+03   2.544724e-01
   1.119144e+01   2.718882e+03   2.638525e+03   2.496759e-01
   1.121398e+01   2.760213e+03   2.724096e+03   2.453426e-01
   1.123656e+01   2.792285e+03   2.797266e+03   2.413813e-01
   1.125919e+01   2.813089e+03   2.856348e+03   2.376698e-01
   1.128187e+01   2.821863e+03   2.898280e+03   2.341477e-01
   1.130459e+01   2.816838e+03   2.922678e+03   2.306763e-01
   1.132735e+01   2.797810e+03   2.926591e+03   2.271948e-01
   1.135017e+01   2.764216e+03   2.911401e+03   2.235658e-01
   1.137303e+01   2.717717e+03   2.872519e+03   2.198043e-01
   1.139593e+01   2.659883e+03   2.814964e+03   2.158218e-01
   1.141888e+01   2.595639e+03   2.736903e+03   2.117713e-01
   1.144188e+01   2.530939e+03   2.644520e+03   2.078283e-01
   1.146492e+01   2.473510e+03   2.539097e+03   2.043775e-01
   1.148801e+01   2.428192e+03   2.429577e+03   2.017144e-01
   1.151115e+01   2.400261e+03   2.320961e+03   2.003494e-01
   1.153433e+01   2.394601e+03   2.215922e+03   2.010440e-01
   1.155756e+01   2.406101e+03   2.124632e+03   2.038404e-01
   1.158084e+01   2.436239e+03   2.042034e+03   2.098068e-01
   1.160416e+01   2.476484e+03   1.967769e+03   2.193984e-01
   1.162753e+01   2.517817e+03   1.896531e+03   2.333269e-01
   1.165095e+01   2.548637e+03   1.821916e+03   2.518620e-01
   1.167441e+01   2.553402e+03   1.737845e+03   2.741275e-01
   1.169792e+01   2.515241e+03   1.640382e+03   2.972837e-01
   1.172148e+01   2.429562e+03   1.531973e+03   3.180052e-01
   1.174509e+01   2.311423e+03   1.419636e+03   3.338009e-01
   1.176874e+01   2.184861e+03   1.311030e+03   3.441808e-01
   1.179245e+01   2.067310e+03   1.210539e+03   3.501329e-01
   1.181620e+01   1.969422e+03   1.120610e+03   3.527301e-01
   1.183999e+01   1.898000e+03   1.043445e+03   3.527603e-01
   1.186384e+01   1.856192e+03   9.817868e+02   3.507638e-01
   1.188773e+01   1.844856e+03   9.393796e+02   3.469584e-01
   1.191167e+01   1.864821e+03   9.224733e+02   3.415491e-01
   1.193566e+01   1.899854e+03   9.339076e+02   3.355627e-01
   1.195970e+01   1.904574e+03   9.687279e+02   3.300626e-01
   1.198379e+01   1.857134e+03   1.004612e+03   3.250268e-01
   1.200792e+01   1.799120e+03   1.029180e+03   3.222703e-01
   1.203210e+01   1.738938e+03   1.040849e+03   3.237027e-01
   1.205634e+01   1.671063e+03   1.039225e+03   3.297761e-01
   1.208062e+01   1.583966e+03   1.024125e+03   3.391415e-01
   1.210495e+01   1.467868e+03   9.940232e+02   3.490779e-01
   1.212933e+01   1.328543e+03   9.525486e+02   3.566486e-01
   1.215375e+01   1.181580e+03   9.036796e+02   3.603967e-01
   1.217823e+01   1.043958e+03   8.528270e+02   3.604259e-01
   1.220276e+01   9.248534e+02   8.038223e+02   3.577358e-01
   1.222733e+01   8.247927e+02   7.583850e+02   3.534171e-01
   1.225196e+01   7.418685e+02   7.169789e+02   3.482385e-01
   1.227663e+01   6.732332e+02   6.794774e+02   3.426988e-01
   1.230136e+01   6.160332e+02   6.454834e+02   3.370890e-01
   1.232613e+01   5.682150e+02   6.146730e+02   3.315886e-01
   1.235096e+01   5.275330e+02   5.865269e+02   3.262666e-01
   1.237583e+01   4.925853e+02   5.607228e+02   3.211660e-01
   1.240075e+01   4.622410e+02   5.369262e+02   3.162930e-01
   1.242573e+01   4.356750e+02   5.149149e+02   3.116519e-01
   1.245075e+01   4.122214e+02   4.944443e+02   3.072278e-01
   1.247583e+01   3.914051e+02   4.753719e+02   3.030151e-01
   1.250095e+01   3.727239e+02   4.575028e+02   2.989917e-01
   1.252613e+01   3.560081e+02   4.407684e+02   2.951556e-01
   1.255136e+01   3.408480e+02   4.250026e+02   2.914821e-01
   1.257664e+01   3.270790e+02   4.101337e+02   2.879630e-01
   1.260196e+01   3.145301e+02   3.960751e+02   2.845859e-01
   1.262734e+01   3.030195e+02   3.827526e+02   2.813391e-01
   1.265278e+01   2.924568e+02   3.701059e+02   2.782137e-01
   1.267826e+01   2.827228e+02   3.580790e+02   2.752002e-01
   1.270379e+01   2.737307e+02   3.466247e+02   2.722909e-01
   1.272938e+01   2.653959e+02   3.356975e+02   2.694782e-01
   1.275501e+01   2.576729e+02   3.252598e+02   2.667554e-01
   1.278070e+01   2.504781e+02   3.152761e+02   2.641164e-01
   1.280644e+01   2.437892e+02   3.057170e+02   2.615560e-01
   1.283223e+01   2.375478e+02   2.965528e+02   2.590688e-01
   1.285807e+01   2.317176e+02   2.877572e+02   2.566502e-01
   1.288397e+01   2.262672e+02   2.793065e+02   2.542957e-01
   1.290992e+01   2.211593e+02   2.711801e+02   2.520017e-01
   1.293592e+01   2.163730e+02   2.633614e+02   2.497651e-01
   1.296197e+01   2.118876e+02   2.558272e+02   2.475817e-01
   1.298808e+01   2.076868e+02   2.485639e+02   2.454489e-01
   1.301423e+01   2.037307e+02   2.415581e+02   2.433643e-01
   1.304044e+01   2.000091e+02   2.347927e+02   2.413248e-01
   1.306671e+01   1.965237e+02   2.282599e+02   2.393289e-01
   1.309302e+01   1.932422e+02   2.219414e+02   2.373731e-01
   1.311939e+01   1.901610e+02   2.158306e+02   2.354564e-01
   1.314581e+01   1.872691e+02   2.099151e+02   2.335764e-01
   1.317229e+01   1.845471e+02   2.041874e+02   2.317317e-01
   1.319882e+01   1.819942e+02   1.986353e+02   2.299200e-01
   1.322540e+01   1.795829e+02   1.932536e+02   2.281404e-01
   1.325203e+01   1.773356e+02   1.880322e+02   2.263909e-01
   1.327872e+01   1.752250e+02   1.829638e+02   2.246704e-01
   1.330546e+01   1.732468e+02   1.780452e+02   2.229782e-01
   1.333226e+01   1.714024e+02   1.732679e+02   2.213128e-01
   1.335911e+01   1.696836e+02   1.686246e+02   2.196726e-01
   1.338602e+01   1.680687e+02   1.641102e+02   2.180568e-01
   1.341297e+01   1.665728e+02   1.597207e+02   2.164647e-01
   1.343999e+01   1.651838e+02   1.554496e+02   2.148951e-01
   1.346706e+01   1.639009e+02   1.512942e+02   2.133475e-01
   1.349418e+01   1.627191e+02   1.472479e+02   2.118206e-01
   1.352135e+01   1.616415e+02   1.433073e+02   2.103139e-01
   1.354859e+01   1.606454e+02   1.394671e+02   2.088262e-01
   1.357587e+01   1.597419e+02   1.357280e+02   2.073579e-01
   1.360321e+01   1.589409e+02   1.320817e+02   2.059073e-01
   1.363061e+01   1.582196e+02   1.285257e+02   2.044739e-01
   1.365806e+01   1.575755e+02   1.250589e+02   2.030576e-01
   1.368557e+01   1.570297e+02   1.216778e+02   2.016577e-01
   1.371313e+01   1.565538e+02   1.183795e+02   2.002736e-01
   1.374075e+01   1.561631e+02   1.151590e+02   1.989044e-01
   1.376842e+01   1.558522e+02   1.120170e+02   1.975503e-01
   1.379615e+01   1.556174e+02   1.089497e+02   1.962105e-01
   1.382393e+01   1.554660e+02   1.059537e+02   1.948843e-01
   1.385177e+01   1.553838e+02   1.030276e+02   1.935715e-01
   1.387967e+01   1.553839e+02   1.001713e+02   1.922720e-01
   1.390762e+01   1.554630e+02   9.737999e+01   1.909850e-01
   1.393563e+01   1.556048e+02   9.465410e+01   1.897103e-01
   1.396370e+01   1.558416e+02   9.199067e+01   1.884477e-01
   1.399182e+01   1.561471e+02   8.938896e+01   1.871967e-01
   1.402000e+01   1.565259e+02   8.684575e+01   1.859567e-01
   1.404824e+01   1.569895e+02   8.436016e+01   1.847275e-01
   1.407653e+01   1.575326e+02   8.193198e+01   1.835091e-01
   1.410488e+01   1.581623e+02   7.955947e+01   1.823011e-01
   1.413328e+01   1.588657e+02   7.724156e+01   1.811032e-01
   1.416175e+01   1.596575e+02   7.497627e+01   1.799148e-01
   1.419027e+01   1.605316e+02   7.276381e+01   1.787360e-01
   1.421885e+01   1.614912e+02   7.060224e+01   1.775663e-01
   1.424748e+01   1.625554e+02   6.849077e+01   1.764054e-01
   1.427618e+01   1.637022e+02   6.642911e+01   1.752532e-01
   1.430493e+01   1.649355e+02   6.441608e+01   1.741090e-01
   1.433374e+01   1.662842e+02   6.245164e+01   1.729730e-01
   1.436261e+01   1.677418e+02   6.053518e+01   1.718448e-01
   1.439153e+01   1.692842e+02   5.866594e+01   1.707238e-01
   1.442052e+01   1.709641e+02   5.684311e+01   1.696096e-01
   1.444956e+01   1.727395e+02   5.506669e+01   1.685020e-01
   1.447866e+01   1.746644e+02   5.333779e+01   1.674008e-01
   1.450782e+01   1.767069e+02   5.165532e+01   1.663055e-01
   1.453704e+01   1.788774e+02   5.001851e+01   1.652153e-01
   1.456631e+01   1.812033e+02   4.842896e+01   1.641300e-01
   1.459565e+01   1.836796e+02   4.688646e+01   1.630490e-01
   1.462504e+01   1.863139e+02   4.539161e+01   1.619715e-01
   1.465450e+01   1.891329e+02   4.394454e+01   1.608968e-01
   1.468401e+01   1.921199e+02   4.254561e+01   1.598241e-01
   1.471358e+01   1.953234e+02   4.119684e+01   1.587525e-01
   1.474322e+01   1.987271e+02   3.989888e+01   1.576808e-01
   1.477291e+01   2.023671e+02   3.865286e+01   1.566080e-01
   1.480266e+01   2.062535e+02   3.746037e+01   1.555323e-01
   1.483247e+01   2.104052e+02   3.632364e+01   1.544525e-01
   1.486234e+01   2.148372e+02   3.524451e+01   1.533666e-01
   1.489228e+01   2.196000e+02   3.422521e+01   1.522721e-01
   1.492227e+01   2.246981e+02   3.326842e+01   1.511670e-01
   1.495232e+01   2.301769e+02   3.237821e+01   1.500485e-01
   1.498243e+01   2.360697e+02   3.155727e+01   1.489131e-01
   1.501261e+01   2.424065e+02   3.080929e+01   1.477577e-01
   1.504284e+01   2.492438e+02   3.013986e+01   1.465784e-01
   1.507314e+01   2.566441e+02   2.955477e+01   1.453707e-01
   1.510350e+01   2.646353e+02   2.905811e+01   1.441303e-01
   1.513391e+01   2.732973e+02   2.865628e+01   1.428521e-01
   1.516439e+01   2.827143e+02   2.835833e+01   1.415313e-01
   1.519493e+01   2.929198e+02   2.816836e+01   1.401630e-01
   1.522553e+01   3.040201e+02   2.809623e+01   1.387429e-01
   1.525620e+01   3.161063e+02   2.814962e+01   1.372668e-01
   1.528692e+01   3.291797e+02   2.833181e+01   1.357336e-01
   1.531771e+01   3.434101e+02   2.865321e+01   1.341406e-01
   1.534856e+01   3.587500e+02   2.911236e+01   1.324908e-01
   1.537947e+01   3.751717e+02   2.970732e+01   1.307904e-01
   1.541044e+01   3.926495e+02   3.043398e+01   1.290478e-01
   1.544148e+01   4.111088e+02   3.128057e+01   1.272763e-01
   1.547258e+01   4.301692e+02   3.222046e+01   1.254958e-01
   1.550374e+01   4.495678e+02   3.322709e+01   1.237309e-01
   1.553496e+01   4.689024e+02   3.426834e+01   1.220090e-01
   1.556625e+01   4.877585e+02   3.531329e+01   1.203609e-01
   1.559760e+01   5.057289e+02   3.634014e+01   1.188127e-01
   1.562901e+01   5.226542e+02   3.734150e+01   1.173911e-01
   1.566049e+01   5.384694e+02   3.833636e+01   1.161034e-01
   1.569203e+01   5.533710e+02   3.936833e+01   1.149409e-01
   1.572363e+01   5.678174e+02   4.050284e+01   1.138803e-01
   1.575530e+01   5.824078e+02   4.182245e+01   1.128825e-01
   1.578703e+01   5.978124e+02   4.341796e+01   1.118971e-01
   1.581882e+01   6.146589e+02   4.537948e+01   1.108731e-01
   1.585068e+01   6.336092e+02   4.779148e+01   1.097687e-01
   1.588260e+01   6.552081e+02   5.073024e+01   1.085502e-01
   1.591459e+01   6.797746e+02   5.426071e+01   1.071941e-01
   1.594664e+01   7.075892e+02   5.843800e+01   1.056898e-01
   1.597876e+01   7.389003e+02   6.330764e+01   1.040365e-01
   1.601094e+01   7.736935e+02   6.889540e+01   1.022438e-01
   1.604318e+01   8.118336e+02   7.521351e+01   1.003328e-01
   1.607549e+01   8.531584e+02   8.225708e+01   9.833775e-02
   1.610787e+01   8.973543e+02   8.999247e+01   9.630623e-02
   1.614031e+01   9.438856e+02   9.834569e+01   9.429732e-02
   1.617281e+01   9.920447e+02   1.072080e+02   9.237368e-02
   1.620539e+01   1.041069e+03   1.164346e+02   9.059965e-02
   1.623802e+01   1.090022e+03   1.258314e+02   8.903660e-02
   1.627073e+01   1.137811e+03   1.351649e+02   8.773696e-02
   1.630349e+01   1.183270e+03   1.441972e+02   8.673650e-02
   1.633633e+01   1.225313e+03   1.526904e+02   8.606065e-02
   1.636923e+01   1.262805e+03   1.603293e+02   8.574821e-02
   1.640220e+01   1.294698e+03   1.668701e+02   8.581497e-02
   1.643523e+01   1.320280e+03   1.721639e+02   8.626091e-02
   1.646833e+01   1.338987e+03   1.760779e+02   8.709466e-02
   1.650150e+01   1.350346e+03   1.784610e+02   8.834113e-02
   1.653473e+01   1.353888e+03   1.791371e+02   9.004441e-02
   1.656803e+01   1.349881e+03   1.781939e+02   9.221374e-02
   1.660140e+01   1.338856e+03   1.757758e+02   9.485586e-02
   1.663483e+01   1.321278e+03   1.719675e+02   9.799617e-02
   1.666833e+01   1.297634e+03   1.668436e+02   1.016586e-01
   1.670190e+01   1.268720e+03   1.605680e+02   1.058201e-01
   1.673554e+01   1.235635e+03   1.534491e+02   1.103993e-01
   1.676924e+01   1.199438e+03   1.457852e+02   1.152735e-01
   1.680302e+01   1.160906e+03   1.377340e+02   1.202737e-01
   1.683686e+01   1.120954e+03   1.295001e+02   1.251806e-01
   1.687076e+01   1.080475e+03   1.212763e+02   1.297527e-01
   1.690474e+01   1.040318e+03   1.132120e+02   1.337675e-01
   1.693879e+01   1.001302e+03   1.054768e+02   1.370703e-01
   1.697290e+01   9.640956e+02   9.812937e+01   1.395490e-01
   1.700708e+01   9.293833e+02   9.123338e+01   1.411529e-01
   1.704133e+01   8.977344e+02   8.482791e+01   1.418981e-01
   1.707566e+01   8.695265e+02   7.893220e+01   1.418526e-01
   1.711004e+01   8.448672e+02   7.355715e+01   1.411332e-01
   1.714450e+01   8.237854e+02   6.868361e+01   1.398420e-01
   1.717903e+01   8.064306e+02   6.430778e+01   1.380762e-01
   1.721363e+01   7.930599e+02   6.042110e+01   1.359161e-01
   1.724830e+01   7.834681e+02   5.700160e+01   1.334600e-01
   1.728303e+01   7.775509e+02   5.402492e+01   1.307834e-01
   1.731784e+01   7.752497e+02   5.147373e+01   1.279514e-01
   1.735272e+01   7.765101e+02   4.932840e+01   1.250192e-01
   1.738767e+01   7.813150e+02   4.757428e+01   1.220359e-01
   1.742268e+01   7.898315e+02   4.620511e+01   1.190446e-01
   1.745777e+01   8.020046e+02   4.520111e+01   1.160850e-01
   1.749293e+01   8.176117e+02   4.453553e+01   1.131922e-01
   1.752816e+01   8.365698e+02   4.418635e+01   1.103938e-01
   1.756346e+01   8.585935e+02   4.412072e+01   1.077114e-01
   1.759883e+01   8.833439e+02   4.430163e+01   1.051606e-01
   1.763428e+01   9.103558e+02   4.468355e+01   1.027527e-01
   1.766979e+01   9.387736e+02   4.520475e+01   1.004942e-01
   1.770538e+01   9.679073e+02   4.580831e+01   9.839201e-02
   1.774104e+01   9.965643e+02   4.642619e+01   9.644976e-02
   1.777677e+01   1.023752e+03   4.700694e+01   9.467114e-02
   1.781257e+01   1.048692e+03   4.751958e+01   9.306224e-02
   1.784844e+01   1.070909e+03   4.796131e+01   9.162718e-02
   1.788439e+01   1.090341e+03   4.836047e+01   9.036707e-02
   1.792041e+01   1.107338e+03   4.877810e+01   8.927544e-02
   1.795650e+01   1.122801e+03   4.930555e+01   8.834155e-02
   1.799266e+01   1.137594e+03   5.004325e+01   8.753469e-02
   1.802890e+01   1.153000e+03   5.110589e+01   8.682478e-02
   1.806521e+01   1.170152e+03   5.259832e+01   8.617400e-02
   1.810159e+01   1.190165e+03   5.462044e+01   8.554799e-02
   1.813804e+01   1.213938e+03   5.725223e+01   8.491774e-02
   1.817457e+01   1.242128e+03   6.055496e+01   8.426371e-02
   1.821118e+01   1.275107e+03   6.456738e+01   8.357614e-02
   1.824785e+01   1.312778e+03   6.929076e+01   8.285121e-02
   1.828460e+01   1.354760e+03   7.469920e+01   8.209026e-02
   1.832143e+01   1.400298e+03   8.073912e+01   8.128717e-02
   1.835833e+01   1.448653e+03   8.734832e+01   8.043168e-02
   1.839530e+01   1.499464e+03   9.449493e+01   7.950456e-02
   1.843235e+01   1.553044e+03   1.022050e+02   7.848594e-02
   1.846947e+01   1.610261e+03   1.105531e+02   7.736540e-02
   1.850666e+01   1.672204e+03   1.196294e+02   7.614926e-02
   1.854394e+01   1.739776e+03   1.295128e+02   7.485879e-02
   1.858128e+01   1.813328e+03   1.402231e+02   7.352517e-02
   1.861870e+01   1.892429e+03   1.517043e+02   7.218212e-02
   1.865620e+01   1.976532e+03   1.638494e+02   7.086056e-02
   1.869377e+01   2.064157e+03   1.765080e+02   6.958332e-02
   1.873142e+01   2.154077e+03   1.894982e+02   6.836928e-02
   1.876915e+01   2.244859e+03   2.026247e+02   6.723162e-02
   1.880695e+01   2.335083e+03   2.157199e+02   6.617600e-02
   1.884482e+01   2.423526e+03   2.286181e+02   6.520724e-02
   1.888278e+01   2.509051e+03   2.411772e+02   6.432747e-02
   1.892080e+01   2.590648e+03   2.532759e+02   6.353754e-02
   1.895891e+01   2.667435e+03   2.648173e+02   6.283734e-02
   1.899709e+01   2.738692e+03   2.757219e+02   6.222643e-02
   1.903535e+01   2.803843e+03   2.859348e+02   6.170270e-02
   1.907369e+01   2.862539e+03   2.954305e+02   6.126126e-02
   1.911210e+01   2.914616e+03   3.042009e+02   6.089356e-02
   1.915059e+01   2.960112e+03   3.122554e+02   6.058643e-02
   1.918916e+01   2.999307e+03   3.196401e+02   6.032102e-02
   1.922781e+01   3.032567e+03   3.263735e+02   6.007610e-02
   1.926653e+01   3.060363e+03   3.324586e+02   5.982934e-02
   1.930533e+01   3.083391e+03   3.379816e+02   5.956261e-02
   1.934421e+01   3.102166e+03   3.429588e+02   5.926790e-02
   1.938317e+01   3.117081e+03   3.473623e+02   5.894833e-02
   1.942221e+01   3.128547e+03   3.511240e+02   5.861846e-02
   1.946132e+01   3.136760e+03   3.542241e+02   5.830223e-02
   1.950052e+01   3.141828e+03   3.566082e+02   5.802708e-02
   1.953979e+01   3.143723e+03   3.582096e+02   5.782142e-02
   1.957914e+01   3.142329e+03   3.589660e+02   5.771088e-02
   1.961857e+01   3.137477e+03   3.588221e+02   5.771704e-02
   1.965808e+01   3.128916e+03   3.577307e+02   5.785666e-02
   1.969768e+01   3.116339e+03   3.556517e+02   5.814291e-02
   1.973735e+01   3.099373e+03   3.525553e+02   5.858541e-02
   1.977710e+01   3.077589e+03   3.484229e+02   5.919161e-02
   1.981693e+01   3.050467e+03   3.432377e+02   5.996829e-02
   1.985684e+01   3.017421e+03   3.369861e+02   6.092160e-02
   1.989683e+01   2.977868e+03   3.296672e+02   6.205663e-02
   1.993690e+01   2.931278e+03   3.212876e+02   6.337722e-02
   1.997705e+01   2.877333e+03   3.118772e+02   6.488406e-02
   2.001728e+01   2.816043e+03   3.015000e+02   6.657208e-02
   2.005760e+01   2.747874e+03   2.902684e+02   6.842802e-02
   2.009799e+01   2.673778e+03   2.783449e+02   7.042869e-02
   2.013847e+01   2.595120e+03   2.659374e+02   7.254021e-02
   2.017903e+01   2.513541e+03   2.532881e+02   7.472029e-02
   2.021967e+01   2.430720e+03   2.406464e+02   7.692343e-02
   2.026039e+01   2.348115e+03   2.282410e+02   7.911053e-02
   2.030119e+01   2.266628e+03   2.162352e+02   8.126507e-02
   2.034208e+01   2.186252e+03   2.046582e+02   8.341118e-02
   2.038304e+01   2.105887e+03   1.933302e+02   8.561500e-02
   2.042409e+01   2.024041e+03   1.818904e+02   8.792468e-02
   2.046523e+01   1.940744e+03   1.700708e+02   9.023980e-02
   2.050644e+01   1.858919e+03   1.580313e+02   9.226136e-02
   2.054774e+01   1.783005e+03   1.463147e+02   9.367864e-02
   2.058912e+01   1.716123e+03   1.354446e+02   9.439423e-02
   2.063059e+01   1.659028e+03   1.256591e+02   9.450602e-02
   2.067214e+01   1.611083e+03   1.169661e+02   9.416397e-02
   2.071377e+01   1.571357e+03   1.092836e+02   9.349006e-02
   2.075549e+01   1.539032e+03   1.025175e+02   9.256920e-02
   2.079729e+01   1.513499e+03   9.659223e+01   9.146112e-02
   2.083917e+01   1.494316e+03   9.145635e+01   9.021147e-02
   2.088114e+01   1.480901e+03   8.705813e+01   8.886121e-02
   2.092320e+01   1.472966e+03   8.338196e+01   8.744528e-02
   2.096534e+01   1.469970e+03   8.040337e+01   8.600122e-02
   2.100756e+01   1.470744e+03   7.803974e+01   8.456548e-02
   2.104987e+01   1.474558e+03   7.625546e+01   8.317121e-02
   2.109226e+01   1.480168e+03   7.495869e+01   8.184864e-02
   2.113474e+01   1.486178e+03   7.400273e+01   8.060754e-02
   2.117730e+01   1.491582e+03   7.326175e+01   7.944618e-02
   2.121995e+01   1.495837e+03   7.261389e+01   7.833538e-02
   2.126269e+01   1.499051e+03   7.198437e+01   7.722789e-02
   2.130551e+01   1.502008e+03   7.136427e+01   7.606818e-02
   2.134842e+01   1.505918e+03   7.080317e+01   7.480649e-02
   2.139141e+01   1.512099e+03   7.038798e+01   7.341220e-02
   2.143450e+01   1.521707e+03   7.021794e+01   7.187952e-02
   2.147766e+01   1.535596e+03   7.038417e+01   7.022472e-02
   2.152092e+01   1.554219e+03   7.095191e+01   6.847933e-02
   2.156426e+01   1.577660e+03   7.195641e+01   6.668238e-02
   2.160769e+01   1.605744e+03   7.340736e+01   6.487414e-02
   2.165121e+01   1.638006e+03   7.528272e+01   6.309204e-02
   2.169481e+01   1.673928e+03   7.753853e+01   6.136886e-02
   2.173850e+01   1.712679e+03   8.011403e+01   5.972872e-02
   2.178228e+01   1.753745e+03   8.293053e+01   5.819453e-02
   2.182615e+01   1.796085e+03   8.590776e+01   5.677363e-02
   2.187011e+01   1.839083e+03   8.896402e+01   5.547316e-02
   2.191415e+01   1.882065e+03   9.202717e+01   5.429098e-02
   2.195829e+01   1.924564e+03   9.504289e+01   5.322158e-02
   2.200251e+01   1.966229e+03   9.797389e+01   5.225477e-02
   2.204682e+01   2.006887e+03   1.008082e+02   5.137722e-02
   2.209123e+01   2.046520e+03   1.035594e+02   5.057276e-02
   2.213572e+01   2.085246e+03   1.062661e+02   4.982286e-02
   2.218030e+01   2.123331e+03   1.089932e+02   4.910750e-02
   2.222497e+01   2.161106e+03   1.118149e+02   4.840647e-02
   2.226973e+01   2.199052e+03   1.148512e+02   4.769526e-02
   2.231458e+01   2.237565e+03   1.181775e+02   4.695634e-02
   2.235952e+01   2.277349e+03   1.219732e+02   4.616274e-02
   2.240455e+01   2.318947e+03   1.263712e+02   4.529718e-02
   2.244967e+01   2.362909e+03   1.315024e+02   4.434845e-02
   2.249488e+01   2.409650e+03   1.374784e+02   4.331322e-02
   2.254019e+01   2.459585e+03   1.444038e+02   4.219627e-02
   2.258558e+01   2.512909e+03   1.523502e+02   4.101118e-02
   2.263107e+01   2.569806e+03   1.613804e+02   3.977731e-02
   2.267664e+01   2.630359e+03   1.715229e+02   3.851945e-02
   2.272231e+01   2.694475e+03   1.827934e+02   3.726315e-02
   2.276808e+01   2.761856e+03   1.951747e+02   3.603267e-02
   2.281393e+01   2.832016e+03   2.086311e+02   3.484715e-02
   2.285988e+01   2.904363e+03   2.231044e+02   3.372084e-02
   2.290591e+01   2.978215e+03   2.385119e+02   3.266357e-02
   2.295205e+01   3.052936e+03   2.547760e+02   3.167978e-02
   2.299827e+01   3.127811e+03   2.717974e+02   3.077062e-02
   2.304459e+01   3.202225e+03   2.894707e+02   2.993539e-02
   2.309100e+01   3.275686e+03   3.076906e+02   2.917183e-02
   2.313750e+01   3.347619e+03   3.263410e+02   2.847478e-02
   2.318410e+01   3.417409e+03   3.453180e+02   2.783501e-02
   2.323079e+01   3.484668e+03   3.645262e+02   2.724466e-02
   2.327758e+01   3.549081e+03   3.838719e+02   2.669600e-02
   2.332446e+01   3.610380e+03   4.032757e+02   2.618094e-02
   2.337143e+01   3.668260e+03   4.226538e+02   2.569179e-02
   2.341850e+01   3.722343e+03   4.418979e+02   2.522264e-02
   2.346567e+01   3.772004e+03   4.608463e+02   2.477022e-02
   2.351292e+01   3.816629e+03   4.794030e+02   2.432539e-02
   2.356028e+01   3.855591e+03   4.974390e+02   2.388296e-02
   2.360773e+01   3.888200e+03   5.147948e+02   2.343939e-02
   2.365527e+01   3.913787e+03   5.313046e+02   2.299204e-02
   2.370291e+01   3.931726e+03   5.467893e+02   2.253928e-02
   2.375065e+01   3.941171e+03   5.609640e+02   2.208347e-02
   2.379848e+01   3.941273e+03   5.735086e+02   2.162799e-02
   2.384641e+01   3.932185e+03   5.843793e+02   2.116987e-02
   2.389444e+01   3.913847e+03   5.934278e+02   2.071117e-02
   2.394256e+01   3.886320e+03   6.005196e+02   2.025524e-02
   2.399078e+01   3.849816e+03   6.055509e+02   1.980646e-02
   2.403909e+01   3.804553e+03   6.083986e+02   1.937157e-02
   2.408751e+01   3.749764e+03   6.085359e+02   1.897134e-02
   2.413602e+01   3.686872e+03   6.062401e+02   1.860611e-02
   2.418463e+01   3.616722e+03   6.016185e+02   1.828209e-02
   2.423333e+01   3.539916e+03   5.947171e+02   1.800829e-02
   2.428214e+01   3.457034e+03   5.856108e+02   1.779388e-02
   2.433104e+01   3.368473e+03   5.743279e+02   1.765090e-02
   2.438004e+01   3.273461e+03   5.602355e+02   1.761554e-02
   2.442914e+01   3.174072e+03   5.441677e+02   1.766943e-02
   2.447834e+01   3.071230e+03   5.264481e+02   1.781073e-02
   2.452764e+01   2.965798e+03   5.073527e+02   1.803688e-02
   2.457704e+01   2.858732e+03   4.871839e+02   1.834005e-02
   2.462654e+01   2.750927e+03   4.659470e+02   1.871292e-02
   2.467613e+01   2.644263e+03   4.438578e+02   1.913381e-02
   2.472583e+01   2.540799e+03   4.218941e+02   1.956478e-02
   2.477563e+01   2.441832e+03   4.003875e+02   1.998696e-02
   2.482552e+01   2.348553e+03   3.796116e+02   2.038840e-02
   2.487552e+01   2.262530e+03   3.597162e+02   2.077953e-02
   2.492562e+01   2.185919e+03   3.408658e+02   2.122739e-02
   2.497582e+01   2.118731e+03   3.234113e+02   2.180437e-02
   2.502612e+01   2.060506e+03   3.074716e+02   2.258957e-02
   2.507652e+01   2.010882e+03   2.930564e+02   2.368602e-02
   2.512702e+01   1.969379e+03   2.801302e+02   2.523749e-02
   2.517763e+01   1.935153e+03   2.685953e+02   2.749661e-02
   2.522833e+01   1.904916e+03   2.582996e+02   3.048478e-02
   2.527914e+01   1.876281e+03   2.490291e+02   3.416827e-02
   2.533005e+01   1.847510e+03   2.405503e+02   3.853351e-02
   2.538107e+01   1.817063e+03   2.326186e+02   4.353255e-02
   2.543218e+01   1.783794e+03   2.249086e+02   4.903822e-02
   2.548340e+01   1.747573e+03   2.173953e+02   5.472817e-02
   2.553472e+01   1.708380e+03   2.099883e+02   6.042151e-02
   2.558615e+01   1.666441e+03   2.026185e+02   6.592781e-02
   2.563768e+01   1.622271e+03   1.952296e+02   7.100914e-02
   2.568931e+01   1.576878e+03   1.877877e+02   7.537731e-02
   2.574105e+01   1.530991e+03   1.803995e+02   7.907331e-02
   2.579289e+01   1.485468e+03   1.731006e+02   8.205516e-02
   2.584484e+01   1.441086e+03   1.659312e+02   8.431919e-02
   2.589689e+01   1.399425e+03   1.589394e+02   8.578359e-02
   2.594904e+01   1.361027e+03   1.522196e+02   8.658382e-02
   2.600130e+01   1.325882e+03   1.458115e+02   8.684792e-02
   2.605367e+01   1.294274e+03   1.397411e+02   8.664168e-02
   2.610614e+01   1.266880e+03   1.340591e+02   8.600175e-02
   2.615871e+01   1.244827e+03   1.288738e+02   8.495403e-02
   2.621140e+01   1.226758e+03   1.241304e+02   8.365288e-02
   2.626419e+01   1.212568e+03   1.198332e+02   8.214986e-02
   2.631708e+01   1.202317e+03   1.160068e+02   8.048347e-02
   2.637008e+01   1.196661e+03   1.127613e+02   7.868151e-02
   2.642319e+01   1.194204e+03   1.100087e+02   7.682645e-02
   2.647640e+01   1.194289e+03   1.077066e+02   7.495485e-02
   2.652973e+01   1.196533e+03   1.058397e+02   7.309018e-02
   2.658316e+01   1.200944e+03   1.044796e+02   7.128515e-02
   2.663669e+01   1.206341e+03   1.034991e+02   6.958125e-02
   2.669034e+01   1.212117e+03   1.028070e+02   6.799308e-02
   2.674409e+01   1.217980e+03   1.023516e+02   6.654107e-02
   2.679795e+01   1.223636e+03   1.021081e+02   6.532556e-02
   2.685192e+01   1.228736e+03   1.019550e+02   6.437490e-02
   2.690600e+01   1.233364e+03   1.018229e+02   6.367969e-02
   2.696019e+01   1.237692e+03   1.016803e+02   6.326582e-02
   2.701449e+01   1.241727e+03   1.014662e+02   6.328992e-02
   2.706889e+01   1.245830e+03   1.011524e+02   6.373723e-02
   2.712341e+01   1.250407e+03   1.007645e+02   6.456556e-02
   2.717803e+01   1.255674e+03   1.003213e+02   6.579798e-02
   2.723277e+01   1.261710e+03   9.978682e+01   6.755671e-02
   2.728761e+01   1.268739e+03   9.922982e+01   6.970922e-02
   2.734257e+01   1.276774e+03   9.870955e+01   7.216816e-02
   2.739764e+01   1.285695e+03   9.824986e+01   7.489305e-02
   2.745281e+01   1.295356e+03   9.783885e+01   7.779554e-02
   2.750810e+01   1.305596e+03   9.755933e+01   8.068918e-02
   2.756350e+01   1.316163e+03   9.743407e+01   8.348590e-02
   2.761901e+01   1.326814e+03   9.746626e+01   8.606244e-02
   2.767464e+01   1.337356e+03   9.766047e+01   8.822697e-02
   2.773037e+01   1.347553e+03   9.804403e+01   9.001004e-02
   2.778622e+01   1.357174e+03   9.860749e+01   9.138728e-02
   2.784218e+01   1.366046e+03   9.933298e+01   9.224419e-02
   2.789825e+01   1.373938e+03   1.002094e+02   9.264585e-02
   2.795444e+01   1.380659e+03   1.012196e+02   9.269226e-02
   2.801074e+01   1.386056e+03   1.023386e+02   9.241120e-02
   2.806715e+01   1.389806e+03   1.035145e+02   9.177171e-02
   2.812368e+01   1.391843e+03   1.047347e+02   9.093472e-02
   2.818032e+01   1.392081e+03   1.059697e+02   8.993691e-02
   2.823707e+01   1.390259e+03   1.071660e+02   8.879150e-02
   2.829394e+01   1.386214e+03   1.082840e+02   8.755459e-02
   2.835092e+01   1.380097e+03   1.093172e+02   8.627193e-02
   2.840802e+01   1.371893e+03   1.102369e+02   8.495896e-02
   2.846523e+01   1.361067e+03   1.109492e+02   8.364093e-02
   2.852256e+01   1.348143e+03   1.114913e+02   8.233903e-02
   2.858000e+01   1.333265e+03   1.118543e+02   8.105877e-02
   2.863756e+01   1.316010e+03   1.119521e+02   7.982488e-02
   2.869523e+01   1.296675e+03   1.117928e+02   7.864633e-02
   2.875302e+01   1.275754e+03   1.114197e+02   7.751656e-02
   2.881093e+01   1.253176e+03   1.107954e+02   7.645137e-02
   2.886896e+01   1.228755e+03   1.098510e+02   7.547998e-02
   2.892710e+01   1.203404e+03   1.087055e+02   7.457627e-02
   2.898535e+01   1.177295e+03   1.073677e+02   7.374709e-02
   2.904373e+01   1.150042e+03   1.057207e+02   7.304560e-02
   2.910222e+01   1.122605e+03   1.039166e+02   7.243554e-02
   2.916083e+01   1.095285e+03   1.020065e+02   7.191250e-02
   2.921956e+01   1.067765e+03   9.986954e+01   7.154210e-02
   2.927841e+01   1.040714e+03   9.763327e+01   7.129180e-02
   2.933737e+01   1.014375e+03   9.537234e+01   7.114457e-02
   2.939646e+01   9.886107e+02   9.300862e+01   7.115074e-02
   2.945566e+01   9.636980e+02   9.059401e+01   7.129770e-02
   2.951498e+01   9.397085e+02   8.822044e+01   7.154687e-02
   2.957442e+01   9.165551e+02   8.583765e+01   7.192487e-02
   2.963399e+01   8.943794e+02   8.344801e+01   7.242174e-02
   2.969367e+01   8.729942e+02   8.113526e+01   7.298721e-02
   2.975347e+01   8.523378e+02   7.886530e+01   7.362246e-02
   2.981339e+01   8.326401e+02   7.662239e+01   7.429951e-02
   2.987343e+01   8.134902e+02   7.446564e+01   7.498194e-02
   2.993360e+01   7.948942e+02   7.237087e+01   7.565470e-02
   2.999388e+01   7.772811e+02   7.032570e+01   7.627033e-02
   3.005429e+01   7.600805e+02   6.836052e+01   7.683005e-02
   3.011482e+01   7.433946e+02   6.645924e+01   7.731636e-02
   3.017547e+01   7.278075e+02   6.461894e+01   7.768092e-02
   3.023624e+01   7.126417e+02   6.284667e+01   7.796078e-02
   3.029713e+01   6.980817e+02   6.113319e+01   7.814342e-02
   3.035815e+01   6.847387e+02   5.948333e+01   7.819601e-02
   3.041929e+01   6.718797e+02   5.788934e+01   7.816922e-02
   3.048055e+01   6.597524e+02   5.634775e+01   7.805481e-02
   3.054194e+01   6.488584e+02   5.486565e+01   7.783806e-02
   3.060345e+01   6.385047e+02   5.342946e+01   7.756286e-02
   3.066508e+01   6.289874e+02   5.204039e+01   7.722279e-02
   3.072684e+01   6.206409e+02   5.070409e+01   7.681487e-02
   3.078872e+01   6.128590e+02   4.940613e+01   7.637008e-02
   3.085073e+01   6.060086e+02   4.815159e+01   7.588136e-02
   3.091286e+01   6.002198e+02   4.694232e+01   7.535234e-02
   3.097512e+01   5.950097e+02   4.576620e+01   7.480231e-02
   3.103750e+01   5.908315e+02   4.463173e+01   7.422311e-02
   3.110001e+01   5.876021e+02   4.353600e+01   7.362161e-02
   3.116264e+01   5.849686e+02   4.247001e+01   7.300883e-02
   3.122540e+01   5.835076e+02   4.144563e+01   7.237494e-02
   3.128829e+01   5.828869e+02   4.045487e+01   7.172969e-02
   3.135130e+01   5.828899e+02   3.949224e+01   7.107852e-02
   3.141444e+01   5.842620e+02   3.857353e+01   7.040935e-02
   3.147771e+01   5.863687e+02   3.768453e+01   6.973505e-02
   3.154111e+01   5.892618e+02   3.682602e+01   6.905511e-02
   3.160463e+01   5.935649e+02   3.601136e+01   6.835996e-02
   3.166828e+01   5.985995e+02   3.522592e+01   6.766114e-02
   3.173206e+01   6.047062e+02   3.447718e+01   6.695326e-02
   3.179596e+01   6.121567e+02   3.377174e+01   6.623232e-02
   3.186000e+01   6.204034e+02   3.309769e+01   6.550629e-02
   3.192416e+01   6.301137e+02   3.247079e+01   6.476475e-02
   3.198846e+01   6.410435e+02   3.188678e+01   6.401096e-02
   3.205288e+01   6.528801e+02   3.133868e+01   6.324874e-02
   3.211743e+01   6.666363e+02   3.085314e+01   6.246207e-02
   3.218212e+01   6.814362e+02   3.041019e+01   6.166337e-02
   3.224693e+01   6.975482e+02   3.001796e+01   6.084784e-02
   3.231187e+01   7.155424e+02   2.969542e+01   6.000570e-02
   3.237695e+01   7.345906e+02   2.942130e+01   5.914919e-02
   3.244215e+01   7.554998e+02   2.922291e+01   5.826524e-02
   3.250749e+01   7.779605e+02   2.909570e+01   5.735846e-02
   3.257296e+01   8.016060e+02   2.902989e+01   5.643484e-02
   3.263856e+01   8.274698e+02   2.906910e+01   5.547829e-02
   3.270429e+01   8.544786e+02   2.917967e+01   5.450695e-02
   3.277016e+01   8.830493e+02   2.938367e+01   5.351556e-02
   3.283615e+01   9.132797e+02   2.969721e+01   5.250463e-02
   3.290228e+01   9.444619e+02   3.009387e+01   5.148678e-02
   3.296855e+01   9.772704e+02   3.062303e+01   5.045476e-02
   3.303495e+01   1.010871e+03   3.125347e+01   4.942336e-02
   3.310148e+01   1.045191e+03   3.199308e+01   4.839547e-02
   3.316814e+01   1.080204e+03   3.286914e+01   4.737603e-02
   3.323494e+01   1.115215e+03   3.384137e+01   4.637319e-02
   3.330187e+01   1.150184e+03   3.494619e+01   4.539276e-02
   3.336894e+01   1.184533e+03   3.615516e+01   4.444156e-02
   3.343615e+01   1.217982e+03   3.745918e+01   4.352056e-02
   3.350348e+01   1.249939e+03   3.887456e+01   4.264735e-02
   3.357096e+01   1.280272e+03   4.035643e+01   4.181020e-02
   3.363857e+01   1.308246e+03   4.191662e+01   4.103068e-02
   3.370632e+01   1.333597e+03   4.352238e+01   4.030770e-02
   3.377420e+01   1.356301e+03   4.515933e+01   3.963258e-02
   3.384222e+01   1.374825e+03   4.680376e+01   3.905909e-02
   3.391038e+01   1.390378e+03   4.843606e+01   3.853407e-02
   3.397867e+01   1.400835e+03   5.001630e+01   3.813729e-02
   3.404710e+01   1.406836e+03   5.151913e+01   3.784501e-02
   3.411567e+01   1.408564e+03   5.294114e+01   3.765568e-02
   3.418438e+01   1.403085e+03   5.417043e+01   3.769050e-02
   3.425322e+01   1.394564e+03   5.531623e+01   3.780355e-02
   3.432221e+01   1.377578e+03   5.617329e+01   3.822124e-02
   3.439133e+01   1.357262e+03   5.689417e+01   3.875669e-02
   3.446059e+01   1.332044e+03   5.741168e+01   3.949000e-02
   3.452999e+01   1.302763e+03   5.770471e+01   4.036084e-02
   3.459954e+01   1.272183e+03   5.792282e+01   4.130170e-02
   3.466922e+01   1.238445e+03   5.787495e+01   4.225324e-02
   3.473904e+01   1.205041e+03   5.780065e+01   4.317421e-02
   3.480900e+01   1.171045e+03   5.757824e+01   4.398244e-02
   3.487911e+01   1.137529e+03   5.729103e+01   4.469352e-02
   3.494935e+01   1.104461e+03   5.694259e+01   4.530888e-02
   3.501974e+01   1.071943e+03   5.648821e+01   4.581815e-02
   3.509027e+01   1.040137e+03   5.602480e+01   4.629330e-02
   3.516094e+01   1.008876e+03   5.543036e+01   4.671989e-02
   3.523175e+01   9.783701e+02   5.482865e+01   4.715182e-02
   3.530270e+01   9.485121e+02   5.415155e+01   4.759688e-02
   3.537380e+01   9.193875e+02   5.343471e+01   4.807168e-02
   3.544504e+01   8.909951e+02   5.269639e+01   4.857436e-02
   3.551643e+01   8.633550e+02   5.189356e+01   4.912480e-02
   3.558796e+01   8.364521e+02   5.111223e+01   4.969598e-02
   3.565963e+01   8.103820e+02   5.025862e+01   5.031510e-02
   3.573145e+01   7.850197e+02   4.943446e+01   5.094839e-02
   3.580341e+01   7.604769e+02   4.857855e+01   5.160774e-02
   3.587551e+01   7.366724e+02   4.773452e+01   5.227638e-02
   3.594776e+01   7.135494e+02   4.689295e+01   5.295329e-02
   3.602016e+01   6.912604e+02   4.604912e+01   5.362783e-02
   3.609270e+01   6.694297e+02   4.523086e+01   5.430093e-02
   3.616539e+01   6.485625e+02   4.440145e+01   5.495401e-02
   3.623823e+01   6.279806e+02   4.360665e+01   5.559995e-02
   3.631121e+01   6.083333e+02   4.280600e+01   5.620955e-02
   3.638434e+01   5.889837e+02   4.203449e+01   5.680150e-02
   3.645762e+01   5.703306e+02   4.126999e+01   5.735211e-02
   3.653104e+01   5.521167e+02   4.052559e+01   5.786767e-02
   3.660461e+01   5.343633e+02   3.979606e+01   5.834302e-02
   3.667833e+01   5.172113e+02   3.908043e+01   5.876362e-02
   3.675220e+01   5.003020e+02   3.838384e+01   5.915038e-02
   3.682622e+01   4.841703e+02   3.769722e+01   5.946318e-02
   3.690038e+01   4.680898e+02   3.703123e+01   5.975193e-02
   3.697470e+01   4.529600e+02   3.637331e+01   5.995132e-02
   3.704917e+01   4.378770e+02   3.573436e+01   6.012640e-02
   3.712378e+01   4.235804e+02   3.510601e+01   6.022545e-02
   3.719855e+01   4.095015e+02   3.449345e+01   6.029007e-02
   3.727346e+01   3.960426e+02   3.389280e+01   6.029440e-02
   3.734853e+01   3.829669e+02   3.330606e+01   6.025745e-02
   3.742375e+01   3.703507e+02   3.273154e+01   6.017573e-02
   3.749912e+01   3.582649e+02   3.217000e+01   6.004960e-02
   3.757464e+01   3.464865e+02   3.162028e+01   5.989259e-02
   3.765031e+01   3.353618e+02   3.108332e+01   5.969145e-02
   3.772614e+01   3.244045e+02   3.055732e+01   5.947100e-02
   3.780212e+01   3.141994e+02   3.004427e+01   5.920908e-02
   3.787825e+01   3.040514e+02   2.954108e+01   5.893626e-02
   3.795453e+01   2.947006e+02   2.905111e+01   5.862736e-02
   3.803097e+01   2.853910e+02   2.857022e+01   5.831119e-02
   3.810756e+01   2.767679e+02   2.810206e+01   5.796911e-02
   3.818431e+01   2.682528e+02   2.764276e+01   5.762028e-02
   3.826121e+01   2.602980e+02   2.719533e+01   5.725420e-02
   3.833827e+01   2.525155e+02   2.675678e+01   5.688219e-02
   3.841548e+01   2.451786e+02   2.632913e+01   5.649951e-02
   3.849285e+01   2.380637e+02   2.591043e+01   5.611219e-02
   3.857037e+01   2.313008e+02   2.550158e+01   5.571883e-02
   3.864805e+01   2.247922e+02   2.510174e+01   5.532240e-02
   3.872588e+01   2.185557e+02   2.471074e+01   5.492317e-02
   3.880388e+01   2.125956e+02   2.432882e+01   5.452257e-02
   3.888203e+01   2.068426e+02   2.395481e+01   5.412137e-02
   3.896033e+01   2.013770e+02   2.358988e+01   5.372040e-02
   3.903880e+01   1.960659e+02   2.323199e+01   5.332025e-02
   3.911742e+01   1.910446e+02   2.288309e+01   5.292169e-02
   3.919620e+01   1.861365e+02   2.254043e+01   5.252480e-02
   3.927514e+01   1.815161e+02   2.220666e+01   5.213080e-02
   3.935424e+01   1.769769e+02   2.187846e+01   5.173899e-02
   3.943349e+01   1.727160e+02   2.155899e+01   5.135108e-02
   3.951291e+01   1.685117e+02   2.124449e+01   5.096560e-02
   3.959249e+01   1.645753e+02   2.093847e+01   5.058482e-02
   3.967223e+01   1.606778e+02   2.063692e+01   5.020656e-02
   3.975212e+01   1.570326e+02   2.034355e+01   4.983356e-02
   3.983218e+01   1.534133e+02   2.005423e+01   4.946307e-02
   3.991240e+01   1.500306e+02   1.977283e+01   4.909839e-02
   3.999279e+01   1.466654e+02   1.949515e+01   4.873619e-02
   4.007333e+01   1.435207e+02   1.922499e+01   4.837998e-02
   4.015403e+01   1.403883e+02   1.895829e+01   4.802619e-02
   4.023490e+01   1.374586e+02   1.869874e+01   4.767853e-02
   4.031593e+01   1.345385e+02   1.844244e+01   4.733327e-02
   4.039713e+01   1.318031e+02   1.819293e+01   4.699418e-02
   4.047849e+01   1.290769e+02   1.794650e+01   4.665746e-02
   4.056001e+01   1.265181e+02   1.770644e+01   4.632676e-02
   4.064169e+01   1.239694e+02   1.746933e+01   4.599841e-02
   4.072354e+01   1.215718e+02   1.723818e+01   4.567592e-02
   4.080556e+01   1.191867e+02   1.700993e+01   4.535580e-02
   4.088774e+01   1.169352e+02   1.678726e+01   4.504138e-02
   4.097009e+01   1.146991e+02   1.656744e+01   4.472940e-02
   4.105260e+01   1.125818e+02   1.635275e+01   4.442274e-02
   4.113528e+01   1.104841e+02   1.614088e+01   4.411857e-02
   4.121812e+01   1.084887e+02   1.593378e+01   4.381945e-02
   4.130113e+01   1.065168e+02   1.572951e+01   4.352291e-02
   4.138431e+01   1.046342e+02   1.552960e+01   4.323106e-02
   4.146766e+01   1.027799e+02   1.533253e+01   4.294190e-02
   4.155117e+01   1.010006e+02   1.513944e+01   4.265703e-02
   4.163485e+01   9.925380e+01   1.494922e+01   4.237498e-02
   4.171870e+01   9.756920e+01   1.476261e+01   4.209684e-02
   4.180272e+01   9.592174e+01   1.457893e+01   4.182169e-02
   4.188691e+01   9.432484e+01   1.439849e+01   4.155002e-02
   4.197127e+01   9.277004e+01   1.422103e+01   4.128149e-02
   4.205580e+01   9.125403e+01   1.404647e+01   4.101603e-02
   4.214050e+01   8.978413e+01   1.387493e+01   4.075389e-02
   4.222536e+01   8.834310e+01   1.370595e+01   4.049441e-02
   4.231040e+01   8.695350e+01   1.354006e+01   4.023840e-02
   4.239562e+01   8.558239e+01   1.337641e+01   3.998464e-02
   4.248100e+01   8.426578e+01   1.321593e+01   3.973454e-02
   4.256655e+01   8.295868e+01   1.305738e+01   3.948630e-02
   4.265228e+01   8.171035e+01   1.290206e+01   3.924192e-02
   4.273818e+01   8.046381e+01   1.274840e+01   3.899904e-02
   4.282425e+01   7.927945e+01   1.259797e+01   3.876006e-02
   4.291050e+01   7.809479e+01   1.244908e+01   3.852243e-02
   4.299692e+01   7.696439e+01   1.230324e+01   3.828852e-02
   4.308351e+01   7.583878e+01   1.215902e+01   3.805615e-02
   4.317028e+01   7.475679e+01   1.201748e+01   3.782699e-02
   4.325722e+01   7.368724e+01   1.187774e+01   3.759966e-02
   4.334434e+01   7.264981e+01   1.174033e+01   3.737506e-02
   4.343163e+01   7.163158e+01   1.160485e+01   3.715259e-02
   4.351910e+01   7.063630e+01   1.147138e+01   3.693238e-02
   4.360675e+01   6.966741e+01   1.134000e+01   3.671455e-02
   4.369457e+01   6.871216e+01   1.121033e+01   3.649857e-02
   4.378257e+01   6.778935e+01   1.108288e+01   3.628525e-02
   4.387075e+01   6.687158e+01   1.095685e+01   3.607334e-02
   4.395910e+01   6.599137e+01   1.083318e+01   3.586437e-02
   4.404763e+01   6.511084e+01   1.071073e+01   3.565651e-02
   4.413634e+01   6.426825e+01   1.059059e+01   3.545159e-02
   4.422523e+01   6.342784e+01   1.047170e+01   3.524786e-02
   4.431430e+01   6.261577e+01   1.035482e+01   3.504660e-02
   4.440354e+01   6.181325e+01   1.023937e+01   3.484688e-02
   4.449297e+01   6.102952e+01   1.012564e+01   3.464917e-02
   4.458258e+01   6.026168e+01   1.001350e+01   3.445332e-02
   4.467236e+01   5.950519e+01   9.902792e+00   3.425906e-02
   4.476233e+01   5.877205e+01   9.793840e+00   3.406695e-02
   4.485248e+01   5.804213e+01   9.686049e+00   3.387601e-02
   4.494281e+01   5.734010e+01   9.580155e+00   3.368750e-02
   4.503333e+01   5.663809e+01   9.475286e+00   3.349995e-02
   4.512402e+01   5.596209e+01   9.372226e+00   3.331475e-02
   4.521490e+01   5.529001e+01   9.270277e+00   3.313068e-02
   4.530596e+01   5.463540e+01   9.169842e+00   3.294848e-02
   4.539720e+01   5.399125e+01   9.070690e+00   3.276775e-02
   4.548863e+01   5.335720e+01   8.972798e+00   3.258847e-02
   4.558024e+01   5.274008e+01   8.876356e+00   3.241097e-02
   4.567204e+01   5.212574e+01   8.780924e+00   3.223452e-02
   4.576402e+01   5.153315e+01   8.687083e+00   3.206016e-02
   4.585619e+01   5.094075e+01   8.594141e+00   3.188669e-02
   4.594854e+01   5.036861e+01   8.502703e+00   3.171517e-02
   4.604108e+01   4.980069e+01   8.412257e+00   3.154472e-02
   4.613380e+01   4.924457e+01   8.323056e+00   3.137580e-02
   4.622671e+01   4.869828e+01   8.235016e+00   3.120829e-02
   4.631981e+01   4.815758e+01   8.147981e+00   3.104190e-02
   4.641310e+01   4.763303e+01   8.062259e+00   3.087723e-02
   4.650657e+01   4.710873e+01   7.977352e+00   3.071337e-02
   4.660023e+01   4.660344e+01   7.893825e+00   3.055136e-02
   4.669408e+01   4.609949e+01   7.811124e+00   3.039020e-02
   4.678812e+01   4.560774e+01   7.729585e+00   3.023055e-02
   4.688235e+01   4.512332e+01   7.649042e+00   3.007209e-02
   4.697677e+01   4.464448e+01   7.569427e+00   2.991471e-02
   4.707138e+01   4.417826e+01   7.490946e+00   2.975881e-02
   4.716618e+01   4.371235e+01   7.413208e+00   2.960368e-02
   4.726117e+01   4.326193e+01   7.336705e+00   2.945024e-02
   4.735635e+01   4.281243e+01   7.260943e+00   2.929758e-02
   4.745173e+01   4.237344e+01   7.186207e+00   2.914626e-02
   4.754729e+01   4.194124e+01   7.112370e+00   2.899604e-02
   4.764305e+01   4.151311e+01   7.039345e+00   2.884678e-02
   4.773900e+01   4.109653e+01   6.967354e+00   2.869890e-02
   4.783514e+01   4.068028e+01   6.896037e+00   2.855174e-02
   4.793148e+01   4.027725e+01   6.825793e+00   2.840605e-02
   4.802801e+01   3.987635e+01   6.756261e+00   2.826117e-02
   4.812474e+01   3.948208e+01   6.687590e+00   2.811739e-02
   4.822166e+01   3.909462e+01   6.619776e+00   2.797473e-02
   4.831878e+01   3.870876e+01   6.552634e+00   2.783282e-02
   4.841609e+01   3.833480e+01   6.486485e+00   2.769230e-02
   4.851360e+01   3.796119e+01   6.420951e+00   2.755246e-02
   4.861130e+01   3.759698e+01   6.356298e+00   2.741381e-02
   4.870920e+01   3.723715e+01   6.292365e+00   2.727606e-02
   4.880730e+01   3.688078e+01   6.229128e+00   2.713915e-02
   4.890559e+01   3.653305e+01   6.166747e+00   2.700343e-02
   4.900409e+01   3.618566e+01   6.104943e+00   2.686835e-02
   4.910278e+01   3.584760e+01   6.044006e+00   2.673450e-02
   4.920167e+01   3.551156e+01   5.983687e+00   2.660139e-02
   4.930076e+01   3.518057e+01   5.924062e+00   2.646918e-02
   4.940005e+01   3.485695e+01   5.865190e+00   2.633801e-02
   4.949954e+01   3.453367e+01   5.806862e+00   2.620744e-02
   4.959923e+01   3.421849e+01   5.749365e+00   2.607809e-02
   4.969912e+01   3.390410e+01   5.692414e+00   2.594937e-02
   4.979921e+01   3.359530e+01   5.636138e+00   2.582157e-02
   4.989950e+01   3.329257e+01   5.580543e+00   2.569470e-02
   5.000000e+01   3.299018e+01   5.525458e+00   2.556842e-02