#============================================================================
# Opacities computed by OpTool
# Method:   DHS  fmax=  0.800
# Parameters:
#   amin [um]=      1.000 amax [um]=      1.000  na  =    1     apow=   3.5    
#   lmin [um]=      6.700 lmax [um]=     50.000  nlam= 1000     nang=   180
#   porosity =      0.000 p_mantle =      0.000  fmax= 0.80     chop=   0.0
# Composition:
#  Where   mfrac  rho   Material
#  -----   -----  ----  -----------------------------------------------------
#  core    0.333  3.30  /Users/jvarga/Dokumentumok/MATISSE/pro/optool/lnk_data/ad/oliSC_x_551K.lnk
#  core    0.333  3.30  /Users/jvarga/Dokumentumok/MATISSE/pro/optool/lnk_data/ad/oliSC_y_551K.lnk
#  core    0.333  3.30  /Users/jvarga/Dokumentumok/MATISSE/pro/optool/lnk_data/ad/oliSC_z_551K.lnk
#  - - -   - - -  -  -  - - - - - - - - - - - - - - - - - - - - - - - - - - -
#============================================================================
# Standard output file, no scattering matrix
#    iformat
#    nlambda
#    lambda[um]  kabs [cm^2/g]  ksca [cm^2/g]    g_asymmetry
#============================================================================
           3
        1000
   6.700000e+00   2.329178e+01   2.207791e+02   3.371012e-01
   6.713493e+00   2.346186e+01   2.183866e+02   3.357114e-01
   6.727014e+00   2.362788e+01   2.160091e+02   3.343255e-01
   6.740562e+00   2.380215e+01   2.136434e+02   3.329423e-01
   6.754137e+00   2.397882e+01   2.112945e+02   3.315632e-01
   6.767740e+00   2.415052e+01   2.089594e+02   3.301872e-01
   6.781370e+00   2.434190e+01   2.066349e+02   3.288143e-01
   6.795027e+00   2.451513e+01   2.043282e+02   3.274452e-01
   6.808712e+00   2.469566e+01   2.020341e+02   3.260794e-01
   6.822424e+00   2.488469e+01   1.997544e+02   3.247172e-01
   6.836164e+00   2.506209e+01   1.974870e+02   3.233582e-01
   6.849932e+00   2.525576e+01   1.952350e+02   3.220029e-01
   6.863727e+00   2.545798e+01   1.929936e+02   3.206509e-01
   6.877551e+00   2.565656e+01   1.907666e+02   3.193024e-01
   6.891402e+00   2.584951e+01   1.885541e+02   3.179572e-01
   6.905281e+00   2.605354e+01   1.863550e+02   3.166159e-01
   6.919188e+00   2.625780e+01   1.841707e+02   3.152779e-01
   6.933123e+00   2.645426e+01   1.819965e+02   3.139433e-01
   6.947086e+00   2.666484e+01   1.798383e+02   3.126123e-01
   6.961077e+00   2.688020e+01   1.776895e+02   3.112846e-01
   6.975096e+00   2.708911e+01   1.755581e+02   3.099608e-01
   6.989143e+00   2.729949e+01   1.734392e+02   3.086405e-01
   7.003219e+00   2.752506e+01   1.713299e+02   3.073232e-01
   7.017323e+00   2.775333e+01   1.692371e+02   3.060101e-01
   7.031456e+00   2.798261e+01   1.671560e+02   3.047002e-01
   7.045617e+00   2.821918e+01   1.650859e+02   3.033937e-01
   7.059806e+00   2.844538e+01   1.630296e+02   3.020905e-01
   7.074025e+00   2.868134e+01   1.609866e+02   3.007914e-01
   7.088271e+00   2.892524e+01   1.589534e+02   2.994952e-01
   7.102547e+00   2.915872e+01   1.569356e+02   2.982029e-01
   7.116851e+00   2.941171e+01   1.549304e+02   2.969141e-01
   7.131184e+00   2.964795e+01   1.529368e+02   2.956286e-01
   7.145546e+00   2.990589e+01   1.509543e+02   2.943466e-01
   7.159937e+00   3.016291e+01   1.489862e+02   2.930684e-01
   7.174356e+00   3.043155e+01   1.470264e+02   2.917931e-01
   7.188805e+00   3.068346e+01   1.450841e+02   2.905217e-01
   7.203283e+00   3.095088e+01   1.431490e+02   2.892535e-01
   7.217790e+00   3.121741e+01   1.412268e+02   2.879888e-01
   7.232326e+00   3.150781e+01   1.393196e+02   2.867280e-01
   7.246892e+00   3.178174e+01   1.374205e+02   2.854699e-01
   7.261487e+00   3.207410e+01   1.355364e+02   2.842162e-01
   7.276111e+00   3.235618e+01   1.336626e+02   2.829653e-01
   7.290765e+00   3.264542e+01   1.318026e+02   2.817182e-01
   7.305448e+00   3.294211e+01   1.299515e+02   2.804740e-01
   7.320161e+00   3.324951e+01   1.281103e+02   2.792332e-01
   7.334904e+00   3.356432e+01   1.262835e+02   2.779963e-01
   7.349676e+00   3.387276e+01   1.244704e+02   2.767630e-01
   7.364478e+00   3.418885e+01   1.226644e+02   2.755322e-01
   7.379309e+00   3.450167e+01   1.208724e+02   2.743052e-01
   7.394171e+00   3.483625e+01   1.190918e+02   2.730819e-01
   7.409062e+00   3.516335e+01   1.173210e+02   2.718616e-01
   7.423984e+00   3.549763e+01   1.155621e+02   2.706444e-01
   7.438935e+00   3.583306e+01   1.138167e+02   2.694312e-01
   7.453917e+00   3.619845e+01   1.120796e+02   2.682209e-01
   7.468929e+00   3.655973e+01   1.103541e+02   2.670137e-01
   7.483971e+00   3.690522e+01   1.086407e+02   2.658101e-01
   7.499043e+00   3.728319e+01   1.069384e+02   2.646098e-01
   7.514146e+00   3.765004e+01   1.052460e+02   2.634125e-01
   7.529279e+00   3.802194e+01   1.035641e+02   2.622183e-01
   7.544443e+00   3.841441e+01   1.018954e+02   2.610279e-01
   7.559637e+00   3.881927e+01   1.002393e+02   2.598411e-01
   7.574862e+00   3.920535e+01   9.858924e+01   2.586562e-01
   7.590117e+00   3.961450e+01   9.695303e+01   2.574755e-01
   7.605403e+00   4.002882e+01   9.532640e+01   2.562975e-01
   7.620720e+00   4.046070e+01   9.371073e+01   2.551229e-01
   7.636068e+00   4.088117e+01   9.210643e+01   2.539512e-01
   7.651447e+00   4.133061e+01   9.051327e+01   2.527831e-01
   7.666856e+00   4.177456e+01   8.893077e+01   2.516178e-01
   7.682297e+00   4.222043e+01   8.735958e+01   2.504558e-01
   7.697769e+00   4.268505e+01   8.579790e+01   2.492967e-01
   7.713272e+00   4.315277e+01   8.424700e+01   2.481406e-01
   7.728806e+00   4.363836e+01   8.270688e+01   2.469877e-01
   7.744371e+00   4.412419e+01   8.117833e+01   2.458377e-01
   7.759968e+00   4.461858e+01   7.965927e+01   2.446906e-01
   7.775596e+00   4.513078e+01   7.815131e+01   2.435468e-01
   7.791256e+00   4.566273e+01   7.665289e+01   2.424058e-01
   7.806947e+00   4.618177e+01   7.516695e+01   2.412677e-01
   7.822670e+00   4.672173e+01   7.369101e+01   2.401328e-01
   7.838425e+00   4.727636e+01   7.222571e+01   2.390006e-01
   7.854211e+00   4.782926e+01   7.077092e+01   2.378713e-01
   7.870029e+00   4.841023e+01   6.932726e+01   2.367451e-01
   7.885879e+00   4.899167e+01   6.789418e+01   2.356217e-01
   7.901760e+00   4.958690e+01   6.647178e+01   2.345012e-01
   7.917674e+00   5.020599e+01   6.506013e+01   2.333833e-01
   7.933620e+00   5.082601e+01   6.365939e+01   2.322685e-01
   7.949598e+00   5.147946e+01   6.226933e+01   2.311565e-01
   7.965608e+00   5.211301e+01   6.088956e+01   2.300469e-01
   7.981650e+00   5.278308e+01   5.952182e+01   2.289405e-01
   7.997725e+00   5.347088e+01   5.816377e+01   2.278367e-01
   8.013832e+00   5.416382e+01   5.681740e+01   2.267356e-01
   8.029972e+00   5.488468e+01   5.548332e+01   2.256375e-01
   8.046144e+00   5.561310e+01   5.415733e+01   2.245415e-01
   8.062348e+00   5.636748e+01   5.284492e+01   2.234487e-01
   8.078585e+00   5.713617e+01   5.154381e+01   2.223586e-01
   8.094855e+00   5.790579e+01   5.025300e+01   2.212708e-01
   8.111158e+00   5.871262e+01   4.897405e+01   2.201859e-01
   8.127493e+00   5.952680e+01   4.770822e+01   2.191038e-01
   8.143862e+00   6.038778e+01   4.645134e+01   2.180239e-01
   8.160263e+00   6.124804e+01   4.520901e+01   2.169472e-01
   8.176697e+00   6.213519e+01   4.397671e+01   2.158726e-01
   8.193165e+00   6.304865e+01   4.275732e+01   2.148008e-01
   8.209666e+00   6.399682e+01   4.154981e+01   2.137316e-01
   8.226199e+00   6.495403e+01   4.035601e+01   2.126650e-01
   8.242767e+00   6.593559e+01   3.917352e+01   2.116009e-01
   8.259367e+00   6.694194e+01   3.800472e+01   2.105394e-01
   8.276001e+00   6.799127e+01   3.684899e+01   2.094806e-01
   8.292669e+00   6.906347e+01   3.570579e+01   2.084241e-01
   8.309370e+00   7.016209e+01   3.457814e+01   2.073707e-01
   8.326104e+00   7.130293e+01   3.346181e+01   2.063191e-01
   8.342873e+00   7.246174e+01   3.236215e+01   2.052708e-01
   8.359675e+00   7.366129e+01   3.127634e+01   2.042248e-01
   8.376511e+00   7.489906e+01   3.020451e+01   2.031811e-01
   8.393381e+00   7.617357e+01   2.914826e+01   2.021400e-01
   8.410285e+00   7.750746e+01   2.810970e+01   2.011023e-01
   8.427223e+00   7.884285e+01   2.708492e+01   2.000661e-01
   8.444195e+00   8.026011e+01   2.607788e+01   1.990328e-01
   8.461201e+00   8.171121e+01   2.508860e+01   1.980022e-01
   8.478241e+00   8.319490e+01   2.411661e+01   1.969738e-01
   8.495316e+00   8.474350e+01   2.316245e+01   1.959479e-01
   8.512425e+00   8.635041e+01   2.222905e+01   1.949247e-01
   8.529569e+00   8.800312e+01   2.131443e+01   1.939034e-01
   8.546747e+00   8.971898e+01   2.042108e+01   1.928846e-01
   8.563960e+00   9.149840e+01   1.954853e+01   1.918675e-01
   8.581207e+00   9.334632e+01   1.869982e+01   1.908528e-01
   8.598489e+00   9.527616e+01   1.787440e+01   1.898396e-01
   8.615806e+00   9.726170e+01   1.707250e+01   1.888273e-01
   8.633158e+00   9.933457e+01   1.629765e+01   1.878162e-01
   8.650545e+00   1.014996e+02   1.555015e+01   1.868057e-01
   8.667967e+00   1.037440e+02   1.483049e+01   1.857945e-01
   8.685424e+00   1.060859e+02   1.414156e+01   1.847823e-01
   8.702916e+00   1.085353e+02   1.348480e+01   1.837680e-01
   8.720443e+00   1.110885e+02   1.286250e+01   1.827507e-01
   8.738005e+00   1.137666e+02   1.227605e+01   1.817280e-01
   8.755603e+00   1.165678e+02   1.172762e+01   1.806979e-01
   8.773237e+00   1.195136e+02   1.122126e+01   1.796589e-01
   8.790906e+00   1.226098e+02   1.075885e+01   1.786078e-01
   8.808610e+00   1.258544e+02   1.034313e+01   1.775402e-01
   8.826350e+00   1.292903e+02   9.978566e+00   1.764522e-01
   8.844126e+00   1.329143e+02   9.668809e+00   1.753395e-01
   8.861938e+00   1.367407e+02   9.418403e+00   1.741961e-01
   8.879785e+00   1.408061e+02   9.232276e+00   1.730162e-01
   8.897669e+00   1.451413e+02   9.116384e+00   1.717912e-01
   8.915588e+00   1.497341e+02   9.076491e+00   1.705157e-01
   8.933544e+00   1.546533e+02   9.120368e+00   1.691827e-01
   8.951535e+00   1.599204e+02   9.256377e+00   1.677866e-01
   8.969563e+00   1.655879e+02   9.492999e+00   1.663221e-01
   8.987628e+00   1.717096e+02   9.844242e+00   1.647850e-01
   9.005728e+00   1.783333e+02   1.031976e+01   1.631773e-01
   9.023865e+00   1.855596e+02   1.093640e+01   1.615008e-01
   9.042039e+00   1.934588e+02   1.170884e+01   1.597623e-01
   9.060249e+00   2.021440e+02   1.265924e+01   1.579673e-01
   9.078496e+00   2.117716e+02   1.381559e+01   1.561199e-01
   9.096780e+00   2.225032e+02   1.520302e+01   1.542312e-01
   9.115100e+00   2.345845e+02   1.685944e+01   1.523046e-01
   9.133458e+00   2.482477e+02   1.882225e+01   1.503452e-01
   9.151852e+00   2.638815e+02   2.114445e+01   1.483506e-01
   9.170283e+00   2.819778e+02   2.389106e+01   1.463126e-01
   9.188752e+00   3.031063e+02   2.714054e+01   1.442170e-01
   9.207258e+00   3.281649e+02   3.098417e+01   1.420447e-01
   9.225801e+00   3.581263e+02   3.552093e+01   1.397676e-01
   9.244381e+00   3.941420e+02   4.084463e+01   1.373500e-01
   9.262999e+00   4.378016e+02   4.704809e+01   1.347396e-01
   9.281654e+00   4.906142e+02   5.414800e+01   1.318753e-01
   9.300347e+00   5.530291e+02   6.198108e+01   1.286986e-01
   9.319077e+00   6.239551e+02   7.008662e+01   1.251733e-01
   9.337845e+00   6.985221e+02   7.748020e+01   1.213623e-01
   9.356651e+00   7.675630e+02   8.291773e+01   1.174459e-01
   9.375495e+00   8.204287e+02   8.522660e+01   1.137843e-01
   9.394377e+00   8.490357e+02   8.385647e+01   1.109256e-01
   9.413297e+00   8.514702e+02   7.925027e+01   1.095069e-01
   9.432255e+00   8.318689e+02   7.267988e+01   1.100631e-01
   9.451251e+00   7.976943e+02   6.576901e+01   1.128236e-01
   9.470285e+00   7.574145e+02   6.011622e+01   1.173677e-01
   9.489358e+00   7.188207e+02   5.692948e+01   1.225203e-01
   9.508469e+00   6.873267e+02   5.678847e+01   1.269186e-01
   9.527619e+00   6.659605e+02   5.976280e+01   1.298599e-01
   9.546807e+00   6.557759e+02   6.565584e+01   1.314651e-01
   9.566034e+00   6.566505e+02   7.424288e+01   1.321848e-01
   9.585299e+00   6.681016e+02   8.539991e+01   1.323901e-01
   9.604604e+00   6.895938e+02   9.914281e+01   1.322790e-01
   9.623947e+00   7.209168e+02   1.156249e+02   1.318944e-01
   9.643329e+00   7.621075e+02   1.351265e+02   1.311316e-01
   9.662750e+00   8.133431e+02   1.580440e+02   1.297213e-01
   9.682211e+00   8.745928e+02   1.848725e+02   1.272419e-01
   9.701710e+00   9.454872e+02   2.162156e+02   1.232474e-01
   9.721249e+00   1.025122e+03   2.527208e+02   1.175584e-01
   9.740827e+00   1.112706e+03   2.951022e+02   1.104890e-01
   9.760445e+00   1.208151e+03   3.440523e+02   1.027425e-01
   9.780102e+00   1.312042e+03   4.001695e+02   9.505455e-02
   9.799798e+00   1.424982e+03   4.637651e+02   8.794263e-02
   9.819535e+00   1.546937e+03   5.346962e+02   8.167056e-02
   9.839311e+00   1.676926e+03   6.121746e+02   7.632600e-02
   9.859127e+00   1.812873e+03   6.946635e+02   7.190077e-02
   9.878982e+00   1.951819e+03   7.799613e+02   6.833796e-02
   9.898878e+00   2.090393e+03   8.654578e+02   6.555656e-02
   9.918814e+00   2.225402e+03   9.485523e+02   6.346334e-02
   9.938790e+00   2.354315e+03   1.026923e+03   6.196270e-02
   9.958806e+00   2.475377e+03   1.098791e+03   6.095859e-02
   9.978863e+00   2.587742e+03   1.162904e+03   6.035937e-02
   9.998960e+00   2.691269e+03   1.218437e+03   6.007813e-02
   1.001910e+01   2.786286e+03   1.264909e+03   6.002879e-02
   1.003928e+01   2.873527e+03   1.301984e+03   6.012652e-02
   1.005949e+01   2.953993e+03   1.329286e+03   6.028646e-02
   1.007975e+01   3.029050e+03   1.346506e+03   6.042004e-02
   1.010005e+01   3.100302e+03   1.353081e+03   6.044813e-02
   1.012039e+01   3.169184e+03   1.348312e+03   6.031057e-02
   1.014078e+01   3.234982e+03   1.331289e+03   5.998662e-02
   1.016120e+01   3.290924e+03   1.300757e+03   5.952585e-02
   1.018166e+01   3.322582e+03   1.255801e+03   5.908075e-02
   1.020217e+01   3.318112e+03   1.197187e+03   5.895863e-02
   1.022272e+01   3.281354e+03   1.127853e+03   5.965577e-02
   1.024330e+01   3.221788e+03   1.051233e+03   6.186817e-02
   1.026393e+01   3.137025e+03   9.703295e+02   6.653509e-02
   1.028460e+01   3.024632e+03   8.888422e+02   7.488208e-02
   1.030532e+01   2.899746e+03   8.109957e+02   8.816291e-02
   1.032607e+01   2.781412e+03   7.393024e+02   1.068694e-01
   1.034687e+01   2.675162e+03   6.742967e+02   1.295542e-01
   1.036771e+01   2.576524e+03   6.160104e+02   1.525584e-01
   1.038859e+01   2.486123e+03   5.647081e+02   1.712576e-01
   1.040951e+01   2.415311e+03   5.217975e+02   1.821496e-01
   1.043047e+01   2.382882e+03   4.897951e+02   1.844090e-01
   1.045148e+01   2.405363e+03   4.719786e+02   1.798633e-01
   1.047253e+01   2.487293e+03   4.723751e+02   1.717110e-01
   1.049362e+01   2.606408e+03   4.928086e+02   1.635799e-01
   1.051475e+01   2.714867e+03   5.285885e+02   1.587504e-01
   1.053593e+01   2.765523e+03   5.663386e+02   1.604993e-01
   1.055715e+01   2.743792e+03   5.911365e+02   1.723677e-01
   1.057841e+01   2.656528e+03   5.954422e+02   1.960107e-01
   1.059971e+01   2.511907e+03   5.838615e+02   2.248294e-01
   1.062106e+01   2.324636e+03   5.637174e+02   2.473944e-01
   1.064245e+01   2.134263e+03   5.428390e+02   2.566631e-01
   1.066388e+01   1.979331e+03   5.267468e+02   2.537738e-01
   1.068536e+01   1.873622e+03   5.180249e+02   2.437401e-01
   1.070688e+01   1.813886e+03   5.170696e+02   2.306045e-01
   1.072844e+01   1.793289e+03   5.236654e+02   2.166643e-01
   1.075005e+01   1.806119e+03   5.376984e+02   2.031242e-01
   1.077170e+01   1.846404e+03   5.589017e+02   1.905206e-01
   1.079339e+01   1.910651e+03   5.872261e+02   1.790417e-01
   1.081513e+01   1.997410e+03   6.228709e+02   1.687406e-01
   1.083691e+01   2.105416e+03   6.660110e+02   1.595122e-01
   1.085874e+01   2.232687e+03   7.167900e+02   1.510899e-01
   1.088061e+01   2.376804e+03   7.754933e+02   1.431572e-01
   1.090252e+01   2.534439e+03   8.424338e+02   1.355361e-01
   1.092448e+01   2.702550e+03   9.179054e+02   1.283377e-01
   1.094648e+01   2.881125e+03   1.002504e+03   1.218293e-01
   1.096852e+01   3.070537e+03   1.096650e+03   1.161828e-01
   1.099061e+01   3.270098e+03   1.200285e+03   1.114287e-01
   1.101275e+01   3.478802e+03   1.312614e+03   1.075209e-01
   1.103493e+01   3.691605e+03   1.431125e+03   1.043460e-01
   1.105715e+01   3.901977e+03   1.551710e+03   1.017857e-01
   1.107942e+01   4.102702e+03   1.669332e+03   9.972643e-02
   1.110173e+01   4.285999e+03   1.778986e+03   9.805325e-02
   1.112409e+01   4.447674e+03   1.877118e+03   9.668875e-02
   1.114650e+01   4.584295e+03   1.961842e+03   9.555303e-02
   1.116894e+01   4.695226e+03   2.032249e+03   9.460172e-02
   1.119144e+01   4.780308e+03   2.088147e+03   9.379622e-02
   1.121398e+01   4.839459e+03   2.129912e+03   9.309889e-02
   1.123656e+01   4.872744e+03   2.157236e+03   9.248929e-02
   1.125919e+01   4.879624e+03   2.171025e+03   9.192166e-02
   1.128187e+01   4.859212e+03   2.169302e+03   9.139389e-02
   1.130459e+01   4.810494e+03   2.153408e+03   9.084433e-02
   1.132735e+01   4.731584e+03   2.120491e+03   9.026576e-02
   1.135017e+01   4.622090e+03   2.072499e+03   8.959505e-02
   1.137303e+01   4.480592e+03   2.003769e+03   8.889483e-02
   1.139593e+01   4.311290e+03   1.918823e+03   8.816416e-02
   1.141888e+01   4.118181e+03   1.814009e+03   8.757031e-02
   1.144188e+01   3.910983e+03   1.694688e+03   8.726543e-02
   1.146492e+01   3.700777e+03   1.562091e+03   8.765145e-02
   1.148801e+01   3.502858e+03   1.426695e+03   8.928264e-02
   1.151115e+01   3.332582e+03   1.295344e+03   9.319961e-02
   1.153433e+01   3.199210e+03   1.171856e+03   1.009882e-01
   1.155756e+01   3.092254e+03   1.063390e+03   1.135991e-01
   1.158084e+01   2.988693e+03   9.654062e+02   1.315777e-01
   1.160416e+01   2.847363e+03   8.761754e+02   1.524986e-01
   1.162753e+01   2.647817e+03   7.939697e+02   1.713487e-01
   1.165095e+01   2.408708e+03   7.186908e+02   1.842170e-01
   1.167441e+01   2.166467e+03   6.509647e+02   1.906433e-01
   1.169792e+01   1.950456e+03   5.913096e+02   1.921293e-01
   1.172148e+01   1.768146e+03   5.387944e+02   1.906634e-01
   1.174509e+01   1.621130e+03   4.926123e+02   1.875282e-01
   1.176874e+01   1.508234e+03   4.520959e+02   1.835199e-01
   1.179245e+01   1.426646e+03   4.165577e+02   1.791042e-01
   1.181620e+01   1.376447e+03   3.859313e+02   1.745303e-01
   1.183999e+01   1.359519e+03   3.607163e+02   1.699296e-01
   1.186384e+01   1.376796e+03   3.418646e+02   1.653570e-01
   1.188773e+01   1.427719e+03   3.309471e+02   1.608303e-01
   1.191167e+01   1.508816e+03   3.305813e+02   1.565217e-01
   1.193566e+01   1.595909e+03   3.414584e+02   1.530266e-01
   1.195970e+01   1.635473e+03   3.601531e+02   1.511587e-01
   1.198379e+01   1.592068e+03   3.754995e+02   1.513469e-01
   1.200792e+01   1.500889e+03   3.811613e+02   1.539045e-01
   1.203210e+01   1.376020e+03   3.765892e+02   1.583160e-01
   1.205634e+01   1.229815e+03   3.639664e+02   1.626655e-01
   1.208062e+01   1.080180e+03   3.468595e+02   1.650982e-01
   1.210495e+01   9.433468e+02   3.279502e+02   1.651079e-01
   1.212933e+01   8.271438e+02   3.094427e+02   1.634335e-01
   1.215375e+01   7.320685e+02   2.920067e+02   1.608243e-01
   1.217823e+01   6.555619e+02   2.759854e+02   1.578494e-01
   1.220276e+01   5.941043e+02   2.614206e+02   1.548288e-01
   1.222733e+01   5.436451e+02   2.481602e+02   1.519082e-01
   1.225196e+01   5.016461e+02   2.360634e+02   1.491439e-01
   1.227663e+01   4.662429e+02   2.249960e+02   1.465521e-01
   1.230136e+01   4.359980e+02   2.148257e+02   1.441273e-01
   1.232613e+01   4.100412e+02   2.054750e+02   1.418646e-01
   1.235096e+01   3.873573e+02   1.968137e+02   1.397421e-01
   1.237583e+01   3.673574e+02   1.887712e+02   1.377474e-01
   1.240075e+01   3.495676e+02   1.812695e+02   1.358649e-01
   1.242573e+01   3.336372e+02   1.742597e+02   1.340847e-01
   1.245075e+01   3.192838e+02   1.676824e+02   1.323941e-01
   1.247583e+01   3.063039e+02   1.615059e+02   1.307864e-01
   1.250095e+01   2.944476e+02   1.556790e+02   1.292505e-01
   1.252613e+01   2.836791e+02   1.501887e+02   1.277836e-01
   1.255136e+01   2.737685e+02   1.449884e+02   1.263755e-01
   1.257664e+01   2.646481e+02   1.400603e+02   1.250226e-01
   1.260196e+01   2.562380e+02   1.353813e+02   1.237199e-01
   1.262734e+01   2.484348e+02   1.309305e+02   1.224629e-01
   1.265278e+01   2.412034e+02   1.266913e+02   1.212481e-01
   1.267826e+01   2.344771e+02   1.226478e+02   1.200723e-01
   1.270379e+01   2.282100e+02   1.187865e+02   1.189325e-01
   1.272938e+01   2.223546e+02   1.150940e+02   1.178261e-01
   1.275501e+01   2.168921e+02   1.115593e+02   1.167508e-01
   1.278070e+01   2.117677e+02   1.081718e+02   1.157044e-01
   1.280644e+01   2.069768e+02   1.049226e+02   1.146853e-01
   1.283223e+01   2.024822e+02   1.018029e+02   1.136914e-01
   1.285807e+01   1.982629e+02   9.880430e+01   1.127213e-01
   1.288397e+01   1.943016e+02   9.591963e+01   1.117736e-01
   1.290992e+01   1.905739e+02   9.314246e+01   1.108467e-01
   1.293592e+01   1.870687e+02   9.046755e+01   1.099399e-01
   1.296197e+01   1.837744e+02   8.788769e+01   1.090517e-01
   1.298808e+01   1.806827e+02   8.539847e+01   1.081812e-01
   1.301423e+01   1.777636e+02   8.299551e+01   1.073275e-01
   1.304044e+01   1.750121e+02   8.067345e+01   1.064897e-01
   1.306671e+01   1.724334e+02   7.842982e+01   1.056673e-01
   1.309302e+01   1.700031e+02   7.625863e+01   1.048591e-01
   1.311939e+01   1.677213e+02   7.415769e+01   1.040647e-01
   1.314581e+01   1.655812e+02   7.212301e+01   1.032834e-01
   1.317229e+01   1.635676e+02   7.015212e+01   1.025146e-01
   1.319882e+01   1.616824e+02   6.824102e+01   1.017576e-01
   1.322540e+01   1.599029e+02   6.638792e+01   1.010122e-01
   1.325203e+01   1.582516e+02   6.458961e+01   1.002775e-01
   1.327872e+01   1.567058e+02   6.284358e+01   9.955325e-02
   1.330546e+01   1.552626e+02   6.114879e+01   9.883919e-02
   1.333226e+01   1.539255e+02   5.950236e+01   9.813488e-02
   1.335911e+01   1.526880e+02   5.790194e+01   9.743967e-02
   1.338602e+01   1.515321e+02   5.634573e+01   9.675334e-02
   1.341297e+01   1.504724e+02   5.483243e+01   9.607567e-02
   1.343999e+01   1.494993e+02   5.335987e+01   9.540622e-02
   1.346706e+01   1.486127e+02   5.192709e+01   9.474478e-02
   1.349418e+01   1.478094e+02   5.053192e+01   9.409099e-02
   1.352135e+01   1.470929e+02   4.917316e+01   9.344458e-02
   1.354859e+01   1.464436e+02   4.784904e+01   9.280520e-02
   1.357587e+01   1.458719e+02   4.655978e+01   9.217301e-02
   1.360321e+01   1.453880e+02   4.530261e+01   9.154734e-02
   1.363061e+01   1.449720e+02   4.407659e+01   9.092804e-02
   1.365806e+01   1.446217e+02   4.288142e+01   9.031511e-02
   1.368557e+01   1.443573e+02   4.171587e+01   8.970831e-02
   1.371313e+01   1.441534e+02   4.057891e+01   8.910742e-02
   1.374075e+01   1.440245e+02   3.946892e+01   8.851206e-02
   1.376842e+01   1.439664e+02   3.838605e+01   8.792237e-02
   1.379615e+01   1.439762e+02   3.732907e+01   8.733804e-02
   1.382393e+01   1.440612e+02   3.629679e+01   8.675882e-02
   1.385177e+01   1.442088e+02   3.528871e+01   8.618462e-02
   1.387967e+01   1.444315e+02   3.430477e+01   8.561549e-02
   1.390762e+01   1.447271e+02   3.334337e+01   8.505102e-02
   1.393563e+01   1.450805e+02   3.240459e+01   8.449125e-02
   1.396370e+01   1.455224e+02   3.148750e+01   8.393602e-02
   1.399182e+01   1.460292e+02   3.059174e+01   8.338519e-02
   1.402000e+01   1.466051e+02   2.971629e+01   8.283855e-02
   1.404824e+01   1.472621e+02   2.886080e+01   8.229599e-02
   1.407653e+01   1.479949e+02   2.802517e+01   8.175753e-02
   1.410488e+01   1.488111e+02   2.720887e+01   8.122302e-02
   1.413328e+01   1.496996e+02   2.641142e+01   8.069232e-02
   1.416175e+01   1.506740e+02   2.563224e+01   8.016528e-02
   1.419027e+01   1.517296e+02   2.487133e+01   7.964189e-02
   1.421885e+01   1.528700e+02   2.412805e+01   7.912192e-02
   1.424748e+01   1.541136e+02   2.340214e+01   7.860530e-02
   1.427618e+01   1.554407e+02   2.269345e+01   7.809194e-02
   1.430493e+01   1.568557e+02   2.200158e+01   7.758165e-02
   1.433374e+01   1.583861e+02   2.132656e+01   7.707443e-02
   1.436261e+01   1.600273e+02   2.066815e+01   7.657010e-02
   1.439153e+01   1.617565e+02   2.002606e+01   7.606852e-02
   1.442052e+01   1.636258e+02   1.940006e+01   7.556940e-02
   1.444956e+01   1.655947e+02   1.879013e+01   7.507276e-02
   1.447866e+01   1.677174e+02   1.819665e+01   7.457836e-02
   1.450782e+01   1.699635e+02   1.761925e+01   7.408610e-02
   1.453704e+01   1.723444e+02   1.705768e+01   7.359556e-02
   1.456631e+01   1.748879e+02   1.651250e+01   7.310668e-02
   1.459565e+01   1.775900e+02   1.598364e+01   7.261916e-02
   1.462504e+01   1.804609e+02   1.547132e+01   7.213266e-02
   1.465450e+01   1.835272e+02   1.497562e+01   7.164677e-02
   1.468401e+01   1.867749e+02   1.449667e+01   7.116108e-02
   1.471358e+01   1.902531e+02   1.403520e+01   7.067521e-02
   1.474322e+01   1.939482e+02   1.359146e+01   7.018861e-02
   1.477291e+01   1.978983e+02   1.316590e+01   6.970065e-02
   1.480266e+01   2.021167e+02   1.275911e+01   6.921042e-02
   1.483247e+01   2.066238e+02   1.237190e+01   6.871738e-02
   1.486234e+01   2.114383e+02   1.200498e+01   6.822051e-02
   1.489228e+01   2.166159e+02   1.165921e+01   6.771836e-02
   1.492227e+01   2.221636e+02   1.133563e+01   6.720998e-02
   1.495232e+01   2.281317e+02   1.103573e+01   6.669390e-02
   1.498243e+01   2.345606e+02   1.076061e+01   6.616821e-02
   1.501261e+01   2.414857e+02   1.051169e+01   6.563118e-02
   1.504284e+01   2.489705e+02   1.029112e+01   6.508084e-02
   1.507314e+01   2.570881e+02   1.010111e+01   6.451458e-02
   1.510350e+01   2.658744e+02   9.943367e+00   6.393022e-02
   1.513391e+01   2.754206e+02   9.820419e+00   6.332499e-02
   1.516439e+01   2.858261e+02   9.735775e+00   6.269608e-02
   1.519493e+01   2.971364e+02   9.691250e+00   6.204109e-02
   1.522553e+01   3.094751e+02   9.690743e+00   6.135754e-02
   1.525620e+01   3.229509e+02   9.737452e+00   6.064331e-02
   1.528692e+01   3.375772e+02   9.832958e+00   5.989802e-02
   1.531771e+01   3.535487e+02   9.981550e+00   5.912025e-02
   1.534856e+01   3.708252e+02   1.018310e+01   5.831206e-02
   1.537947e+01   3.893815e+02   1.043721e+01   5.747704e-02
   1.541044e+01   4.091925e+02   1.074267e+01   5.661985e-02
   1.544148e+01   4.301749e+02   1.109536e+01   5.574769e-02
   1.547258e+01   4.519023e+02   1.148538e+01   5.487114e-02
   1.550374e+01   4.740689e+02   1.190287e+01   5.400235e-02
   1.553496e+01   4.962197e+02   1.233600e+01   5.315435e-02
   1.556625e+01   5.178886e+02   1.277365e+01   5.234093e-02
   1.559760e+01   5.386379e+02   1.320862e+01   5.157287e-02
   1.562901e+01   5.583193e+02   1.363986e+01   5.085994e-02
   1.566049e+01   5.769176e+02   1.407673e+01   5.020238e-02
   1.569203e+01   5.947242e+02   1.453832e+01   4.959249e-02
   1.572363e+01   6.123279e+02   1.505235e+01   4.901609e-02
   1.575530e+01   6.304775e+02   1.565314e+01   4.845263e-02
   1.578703e+01   6.499952e+02   1.637839e+01   4.787791e-02
   1.581882e+01   6.716499e+02   1.726581e+01   4.726938e-02
   1.585068e+01   6.962439e+02   1.835147e+01   4.661061e-02
   1.588260e+01   7.244454e+02   1.966862e+01   4.589099e-02
   1.591459e+01   7.566687e+02   2.124667e+01   4.510570e-02
   1.594664e+01   7.932721e+02   2.311072e+01   4.425736e-02
   1.597876e+01   8.345509e+02   2.528071e+01   4.335493e-02
   1.601094e+01   8.804608e+02   2.776659e+01   4.241224e-02
   1.604318e+01   9.307598e+02   3.056960e+01   4.144817e-02
   1.607549e+01   9.850829e+02   3.367878e+01   4.048712e-02
   1.610787e+01   1.042782e+03   3.706559e+01   3.955757e-02
   1.614031e+01   1.102850e+03   4.067947e+01   3.868992e-02
   1.617281e+01   1.164016e+03   4.445251e+01   3.791217e-02
   1.620539e+01   1.224900e+03   4.829978e+01   3.725058e-02
   1.623802e+01   1.283947e+03   5.211830e+01   3.672755e-02
   1.627073e+01   1.339518e+03   5.579651e+01   3.635928e-02
   1.630349e+01   1.390085e+03   5.923273e+01   3.615313e-02
   1.633633e+01   1.434360e+03   6.233516e+01   3.611280e-02
   1.636923e+01   1.470989e+03   6.498280e+01   3.625100e-02
   1.640220e+01   1.498956e+03   6.709692e+01   3.656946e-02
   1.643523e+01   1.517756e+03   6.864305e+01   3.706398e-02
   1.646833e+01   1.527023e+03   6.959000e+01   3.773672e-02
   1.650150e+01   1.526423e+03   6.989528e+01   3.859862e-02
   1.653473e+01   1.515598e+03   6.950421e+01   3.966964e-02
   1.656803e+01   1.495226e+03   6.847191e+01   4.095239e-02
   1.660140e+01   1.466319e+03   6.687395e+01   4.244662e-02
   1.663483e+01   1.429765e+03   6.475876e+01   4.415774e-02
   1.666833e+01   1.386519e+03   6.217144e+01   4.608550e-02
   1.670190e+01   1.338019e+03   5.919493e+01   4.820204e-02
   1.673554e+01   1.286078e+03   5.596553e+01   5.045080e-02
   1.676924e+01   1.232388e+03   5.260982e+01   5.275729e-02
   1.680302e+01   1.178268e+03   4.919733e+01   5.502768e-02
   1.683686e+01   1.125056e+03   4.580948e+01   5.715658e-02
   1.687076e+01   1.073898e+03   4.251700e+01   5.904323e-02
   1.690474e+01   1.025681e+03   3.936889e+01   6.060812e-02
   1.693879e+01   9.810372e+02   3.641586e+01   6.181226e-02
   1.697290e+01   9.403796e+02   3.366813e+01   6.263437e-02
   1.700708e+01   9.040605e+02   3.113704e+01   6.307810e-02
   1.704133e+01   8.722804e+02   2.882518e+01   6.316914e-02
   1.707566e+01   8.450618e+02   2.672890e+01   6.294765e-02
   1.711004e+01   8.221807e+02   2.484231e+01   6.246744e-02
   1.714450e+01   8.034334e+02   2.315161e+01   6.177103e-02
   1.717903e+01   7.887958e+02   2.164997e+01   6.089651e-02
   1.721363e+01   7.784148e+02   2.033046e+01   5.987359e-02
   1.724830e+01   7.719905e+02   1.918163e+01   5.873888e-02
   1.728303e+01   7.693722e+02   1.819252e+01   5.751990e-02
   1.731784e+01   7.704812e+02   1.735535e+01   5.624097e-02
   1.735272e+01   7.752614e+02   1.666216e+01   5.492299e-02
   1.738767e+01   7.837066e+02   1.610706e+01   5.358534e-02
   1.742268e+01   7.960076e+02   1.568747e+01   5.224564e-02
   1.745777e+01   8.121308e+02   1.539615e+01   5.092039e-02
   1.749293e+01   8.318624e+02   1.522349e+01   4.962483e-02
   1.752816e+01   8.551271e+02   1.516154e+01   4.837102e-02
   1.756346e+01   8.816227e+02   1.519840e+01   4.716867e-02
   1.759883e+01   9.109751e+02   1.532054e+01   4.602466e-02
   1.763428e+01   9.426528e+02   1.551118e+01   4.494421e-02
   1.766979e+01   9.756993e+02   1.574775e+01   4.393018e-02
   1.770538e+01   1.009313e+03   1.600941e+01   4.298578e-02
   1.774104e+01   1.042180e+03   1.627185e+01   4.211245e-02
   1.777677e+01   1.073218e+03   1.651732e+01   4.131169e-02
   1.781257e+01   1.101616e+03   1.673609e+01   4.058574e-02
   1.784844e+01   1.126929e+03   1.692928e+01   3.993572e-02
   1.788439e+01   1.149200e+03   1.710954e+01   3.936108e-02
   1.792041e+01   1.168935e+03   1.730134e+01   3.885762e-02
   1.795650e+01   1.187235e+03   1.753972e+01   3.841915e-02
   1.799266e+01   1.205165e+03   1.786281e+01   3.803076e-02
   1.802890e+01   1.224211e+03   1.831351e+01   3.767812e-02
   1.806521e+01   1.245674e+03   1.893116e+01   3.734409e-02
   1.810159e+01   1.270827e+03   1.975369e+01   3.701367e-02
   1.813804e+01   1.300687e+03   2.081220e+01   3.667486e-02
   1.817457e+01   1.336008e+03   2.213172e+01   3.632032e-02
   1.821118e+01   1.377224e+03   2.372982e+01   3.594728e-02
   1.824785e+01   1.424263e+03   2.561086e+01   3.555580e-02
   1.828460e+01   1.476736e+03   2.776960e+01   3.514828e-02
   1.832143e+01   1.533879e+03   3.019101e+01   3.472343e-02
   1.835833e+01   1.594957e+03   3.285616e+01   3.427816e-02
   1.839530e+01   1.659666e+03   3.575592e+01   3.380526e-02
   1.843235e+01   1.728428e+03   3.890009e+01   3.329741e-02
   1.846947e+01   1.802184e+03   4.231223e+01   3.275177e-02
   1.850666e+01   1.881974e+03   4.601666e+01   3.217303e-02
   1.854394e+01   1.968512e+03   5.003012e+01   3.157197e-02
   1.858128e+01   2.061797e+03   5.434441e+01   3.096322e-02
   1.861870e+01   2.160921e+03   5.892359e+01   3.036155e-02
   1.865620e+01   2.264835e+03   6.371158e+01   2.978030e-02
   1.869377e+01   2.371600e+03   6.864524e+01   2.922803e-02
   1.873142e+01   2.479579e+03   7.364973e+01   2.871209e-02
   1.876915e+01   2.587007e+03   7.865002e+01   2.823718e-02
   1.880695e+01   2.692250e+03   8.358564e+01   2.780491e-02
   1.884482e+01   2.793872e+03   8.839501e+01   2.741709e-02
   1.888278e+01   2.890549e+03   9.302418e+01   2.707458e-02
   1.892080e+01   2.981098e+03   9.742546e+01   2.677775e-02
   1.895891e+01   3.064500e+03   1.015599e+02   2.652640e-02
   1.899709e+01   3.139945e+03   1.053951e+02   2.631990e-02
   1.903535e+01   3.206868e+03   1.089112e+02   2.615633e-02
   1.907369e+01   3.265046e+03   1.121029e+02   2.603209e-02
   1.911210e+01   3.314560e+03   1.149751e+02   2.594151e-02
   1.915059e+01   3.355786e+03   1.175420e+02   2.587673e-02
   1.918916e+01   3.389416e+03   1.198333e+02   2.582756e-02
   1.922781e+01   3.416197e+03   1.218669e+02   2.578338e-02
   1.926653e+01   3.436935e+03   1.236530e+02   2.573425e-02
   1.930533e+01   3.452601e+03   1.252303e+02   2.567318e-02
   1.934421e+01   3.463823e+03   1.266088e+02   2.559857e-02
   1.938317e+01   3.470990e+03   1.277790e+02   2.551404e-02
   1.942221e+01   3.474403e+03   1.287140e+02   2.542832e-02
   1.946132e+01   3.474102e+03   1.294057e+02   2.535323e-02
   1.950052e+01   3.470010e+03   1.298321e+02   2.530139e-02
   1.953979e+01   3.461906e+03   1.299667e+02   2.528521e-02
   1.957914e+01   3.449494e+03   1.297847e+02   2.531543e-02
   1.961857e+01   3.432451e+03   1.292640e+02   2.540096e-02
   1.965808e+01   3.410399e+03   1.283864e+02   2.554868e-02
   1.969768e+01   3.382926e+03   1.271367e+02   2.576412e-02
   1.973735e+01   3.349599e+03   1.255049e+02   2.605150e-02
   1.977710e+01   3.309960e+03   1.234864e+02   2.641433e-02
   1.981693e+01   3.263505e+03   1.210794e+02   2.685600e-02
   1.985684e+01   3.209722e+03   1.182855e+02   2.737954e-02
   1.989683e+01   3.148187e+03   1.151135e+02   2.798733e-02
   1.993690e+01   3.078620e+03   1.115769e+02   2.868070e-02
   1.997705e+01   3.001059e+03   1.076997e+02   2.945881e-02
   2.001728e+01   2.915978e+03   1.035184e+02   3.031725e-02
   2.005760e+01   2.824391e+03   9.908645e+01   3.124680e-02
   2.009799e+01   2.727826e+03   9.447259e+01   3.223275e-02
   2.013847e+01   2.628191e+03   8.975818e+01   3.325498e-02
   2.017903e+01   2.527574e+03   8.503206e+01   3.428975e-02
   2.021967e+01   2.427944e+03   8.038059e+01   3.531295e-02
   2.026039e+01   2.330856e+03   7.587824e+01   3.630540e-02
   2.030119e+01   2.237093e+03   7.157274e+01   3.726059e-02
   2.034208e+01   2.146343e+03   6.746333e+01   3.819184e-02
   2.038304e+01   2.057148e+03   6.347884e+01   3.912983e-02
   2.042409e+01   1.967927e+03   5.949337e+01   4.009159e-02
   2.046523e+01   1.879159e+03   5.542329e+01   4.102357e-02
   2.050644e+01   1.794442e+03   5.133287e+01   4.179213e-02
   2.054774e+01   1.718374e+03   4.740459e+01   4.227574e-02
   2.058912e+01   1.653509e+03   4.380114e+01   4.245329e-02
   2.063059e+01   1.599817e+03   4.058624e+01   4.238112e-02
   2.067214e+01   1.556053e+03   3.775037e+01   4.212854e-02
   2.071377e+01   1.520918e+03   3.525879e+01   4.174780e-02
   2.075549e+01   1.493387e+03   3.307568e+01   4.127337e-02
   2.079729e+01   1.472735e+03   3.117318e+01   4.072867e-02
   2.083917e+01   1.458444e+03   2.953238e+01   4.013124e-02
   2.088114e+01   1.449887e+03   2.813478e+01   3.949679e-02
   2.092320e+01   1.446736e+03   2.697414e+01   3.883905e-02
   2.096534e+01   1.448414e+03   2.604151e+01   3.817300e-02
   2.100756e+01   1.453729e+03   2.530919e+01   3.751316e-02
   2.104987e+01   1.461918e+03   2.476496e+01   3.687302e-02
   2.109226e+01   1.471725e+03   2.437851e+01   3.626448e-02
   2.113474e+01   1.481810e+03   2.410262e+01   3.569029e-02
   2.117730e+01   1.491252e+03   2.389740e+01   3.514807e-02
   2.121995e+01   1.499670e+03   2.372551e+01   3.462370e-02
   2.126269e+01   1.507366e+03   2.356567e+01   3.409590e-02
   2.130551e+01   1.515297e+03   2.341819e+01   3.354091e-02
   2.134842e+01   1.524790e+03   2.330179e+01   3.293854e-02
   2.139141e+01   1.537191e+03   2.324611e+01   3.227767e-02
   2.143450e+01   1.553603e+03   2.328341e+01   3.155810e-02
   2.147766e+01   1.574773e+03   2.344204e+01   3.078896e-02
   2.152092e+01   1.601011e+03   2.374078e+01   2.998556e-02
   2.156426e+01   1.632242e+03   2.418785e+01   2.916602e-02
   2.160769e+01   1.668124e+03   2.478249e+01   2.834858e-02
   2.165121e+01   1.708025e+03   2.551324e+01   2.754970e-02
   2.169481e+01   1.751262e+03   2.636113e+01   2.678353e-02
   2.173850e+01   1.796881e+03   2.730282e+01   2.605968e-02
   2.178228e+01   1.844229e+03   2.830840e+01   2.538742e-02
   2.182615e+01   1.892243e+03   2.935076e+01   2.476831e-02
   2.187011e+01   1.940274e+03   3.040225e+01   2.420427e-02
   2.191415e+01   1.987695e+03   3.144051e+01   2.369304e-02
   2.195829e+01   2.034108e+03   3.245000e+01   2.323113e-02
   2.200251e+01   2.079273e+03   3.342181e+01   2.281322e-02
   2.204682e+01   2.123142e+03   3.435607e+01   2.243279e-02
   2.209123e+01   2.165844e+03   3.526178e+01   2.208232e-02
   2.213572e+01   2.207651e+03   3.615647e+01   2.175340e-02
   2.218030e+01   2.248985e+03   3.706634e+01   2.143708e-02
   2.222497e+01   2.290320e+03   3.802035e+01   2.112450e-02
   2.226973e+01   2.332296e+03   3.906279e+01   2.080495e-02
   2.231458e+01   2.375404e+03   4.022134e+01   2.047104e-02
   2.235952e+01   2.420486e+03   4.155866e+01   2.011138e-02
   2.240455e+01   2.468138e+03   4.311968e+01   1.971926e-02
   2.244967e+01   2.518923e+03   4.494711e+01   1.929095e-02
   2.249488e+01   2.573217e+03   4.707569e+01   1.882642e-02
   2.254019e+01   2.631375e+03   4.953687e+01   1.832925e-02
   2.258558e+01   2.693506e+03   5.235060e+01   1.780659e-02
   2.263107e+01   2.759712e+03   5.553433e+01   1.726769e-02
   2.267664e+01   2.829994e+03   5.909444e+01   1.672363e-02
   2.272231e+01   2.904175e+03   6.303450e+01   1.618518e-02
   2.276808e+01   2.981871e+03   6.734827e+01   1.566204e-02
   2.281393e+01   3.062512e+03   7.202455e+01   1.516141e-02
   2.285988e+01   3.145420e+03   7.704538e+01   1.468835e-02
   2.290591e+01   3.229832e+03   8.238461e+01   1.424612e-02
   2.295205e+01   3.315052e+03   8.801853e+01   1.383585e-02
   2.299827e+01   3.400320e+03   9.391624e+01   1.345736e-02
   2.304459e+01   3.484988e+03   1.000446e+02   1.310991e-02
   2.309100e+01   3.568545e+03   1.063706e+02   1.279223e-02
   2.313750e+01   3.650401e+03   1.128578e+02   1.250183e-02
   2.318410e+01   3.729958e+03   1.194747e+02   1.223448e-02
   2.323079e+01   3.806814e+03   1.261913e+02   1.198668e-02
   2.327758e+01   3.880607e+03   1.329766e+02   1.175507e-02
   2.332446e+01   3.950987e+03   1.398027e+02   1.153624e-02
   2.337143e+01   4.017524e+03   1.466388e+02   1.132694e-02
   2.341850e+01   4.079638e+03   1.534423e+02   1.112481e-02
   2.346567e+01   4.136385e+03   1.601494e+02   1.092869e-02
   2.351292e+01   4.187018e+03   1.667218e+02   1.073462e-02
   2.356028e+01   4.230705e+03   1.731072e+02   1.054046e-02
   2.360773e+01   4.266541e+03   1.792419e+02   1.034474e-02
   2.365527e+01   4.293661e+03   1.850602e+02   1.014641e-02
   2.370291e+01   4.311265e+03   1.904916e+02   9.944830e-03
   2.375065e+01   4.318227e+03   1.954262e+02   9.741225e-03
   2.379848e+01   4.313401e+03   1.997415e+02   9.537334e-03
   2.384641e+01   4.297034e+03   2.034191e+02   9.331972e-03
   2.389444e+01   4.269011e+03   2.064008e+02   9.126360e-03
   2.394256e+01   4.229358e+03   2.086339e+02   8.922385e-03
   2.399078e+01   4.178290e+03   2.100778e+02   8.722392e-03
   2.403909e+01   4.116011e+03   2.106844e+02   8.529816e-03
   2.408751e+01   4.041350e+03   2.102578e+02   8.354537e-03
   2.413602e+01   3.956152e+03   2.089002e+02   8.196533e-03
   2.418463e+01   3.861430e+03   2.066495e+02   8.058207e-03
   2.423333e+01   3.757856e+03   2.035202e+02   7.942855e-03
   2.428214e+01   3.646089e+03   1.995386e+02   7.853361e-03
   2.433104e+01   3.526601e+03   1.947166e+02   7.793274e-03
   2.438004e+01   3.398368e+03   1.888337e+02   7.775304e-03
   2.442914e+01   3.264432e+03   1.822089e+02   7.788419e-03
   2.447834e+01   3.126423e+03   1.749838e+02   7.829427e-03
   2.452764e+01   2.986030e+03   1.672908e+02   7.895647e-03
   2.457704e+01   2.845150e+03   1.592771e+02   7.983520e-03
   2.462654e+01   2.705619e+03   1.509863e+02   8.091964e-03
   2.467613e+01   2.570384e+03   1.425352e+02   8.219879e-03
   2.472583e+01   2.442258e+03   1.342897e+02   8.362246e-03
   2.477563e+01   2.322804e+03   1.263746e+02   8.524492e-03
   2.482552e+01   2.213154e+03   1.188809e+02   8.717712e-03
   2.487552e+01   2.114611e+03   1.118482e+02   8.968496e-03
   2.492562e+01   2.028835e+03   1.053165e+02   9.336700e-03
   2.497582e+01   1.954953e+03   9.937364e+01   9.871102e-03
   2.502612e+01   1.891709e+03   9.402943e+01   1.061830e-02
   2.507652e+01   1.838058e+03   8.926108e+01   1.163332e-02
   2.512702e+01   1.792915e+03   8.503619e+01   1.298417e-02
   2.517763e+01   1.754904e+03   8.131147e+01   1.477363e-02
   2.522833e+01   1.720564e+03   7.801985e+01   1.696013e-02
   2.527914e+01   1.687538e+03   7.508068e+01   1.947280e-02
   2.533005e+01   1.654207e+03   7.241366e+01   2.224328e-02
   2.538107e+01   1.619291e+03   6.993896e+01   2.517819e-02
   2.543218e+01   1.582239e+03   6.756168e+01   2.810864e-02
   2.548340e+01   1.543025e+03   6.525998e+01   3.087995e-02
   2.553472e+01   1.501847e+03   6.300236e+01   3.340542e-02
   2.558615e+01   1.459156e+03   6.076575e+01   3.561688e-02
   2.563768e+01   1.415671e+03   5.853217e+01   3.744542e-02
   2.568931e+01   1.372512e+03   5.629009e+01   3.882917e-02
   2.574105e+01   1.330116e+03   5.406839e+01   3.986808e-02
   2.579289e+01   1.289176e+03   5.187801e+01   4.059078e-02
   2.584484e+01   1.250260e+03   4.973098e+01   4.103076e-02
   2.589689e+01   1.214789e+03   4.764245e+01   4.118296e-02
   2.594904e+01   1.183018e+03   4.564003e+01   4.111438e-02
   2.600130e+01   1.154716e+03   4.373453e+01   4.087647e-02
   2.605367e+01   1.130015e+03   4.193313e+01   4.049384e-02
   2.610614e+01   1.109459e+03   4.025070e+01   3.997965e-02
   2.615871e+01   1.093990e+03   3.871932e+01   3.934474e-02
   2.621140e+01   1.082171e+03   3.732078e+01   3.864026e-02
   2.626419e+01   1.073841e+03   3.605590e+01   3.788290e-02
   2.631708e+01   1.068999e+03   3.493161e+01   3.708576e-02
   2.637008e+01   1.068136e+03   3.398017e+01   3.626324e-02
   2.642319e+01   1.069911e+03   3.317439e+01   3.544194e-02
   2.647640e+01   1.073695e+03   3.250123e+01   3.463362e-02
   2.652973e+01   1.079106e+03   3.195561e+01   3.384723e-02
   2.658316e+01   1.085979e+03   3.155727e+01   3.311159e-02
   2.663669e+01   1.093237e+03   3.126744e+01   3.243995e-02
   2.669034e+01   1.100352e+03   3.105857e+01   3.183658e-02
   2.674409e+01   1.107051e+03   3.091456e+01   3.131142e-02
   2.679795e+01   1.112907e+03   3.082566e+01   3.091435e-02
   2.685192e+01   1.117699e+03   3.075595e+01   3.065466e-02
   2.690600e+01   1.121638e+03   3.068594e+01   3.052595e-02
   2.696019e+01   1.124940e+03   3.060684e+01   3.053966e-02
   2.701449e+01   1.127575e+03   3.050041e+01   3.076194e-02
   2.706889e+01   1.130080e+03   3.036131e+01   3.117604e-02
   2.712341e+01   1.132971e+03   3.019958e+01   3.175560e-02
   2.717803e+01   1.136520e+03   3.002240e+01   3.250058e-02
   2.723277e+01   1.140939e+03   2.982183e+01   3.343542e-02
   2.728761e+01   1.146602e+03   2.962049e+01   3.448684e-02
   2.734257e+01   1.153591e+03   2.943672e+01   3.560709e-02
   2.739764e+01   1.161899e+03   2.927868e+01   3.676233e-02
   2.745281e+01   1.171689e+03   2.914649e+01   3.788121e-02
   2.750810e+01   1.182747e+03   2.906292e+01   3.890699e-02
   2.756350e+01   1.194844e+03   2.903438e+01   3.981191e-02
   2.761901e+01   1.207842e+03   2.906277e+01   4.055083e-02
   2.767464e+01   1.221595e+03   2.915044e+01   4.106206e-02
   2.773037e+01   1.235612e+03   2.930212e+01   4.139442e-02
   2.778622e+01   1.249585e+03   2.951442e+01   4.155454e-02
   2.784218e+01   1.263240e+03   2.978225e+01   4.151471e-02
   2.789825e+01   1.276120e+03   3.010003e+01   4.131869e-02
   2.795444e+01   1.287904e+03   3.046111e+01   4.101233e-02
   2.801074e+01   1.298329e+03   3.085711e+01   4.061066e-02
   2.806715e+01   1.306816e+03   3.127093e+01   4.011035e-02
   2.812368e+01   1.313310e+03   3.169741e+01   3.956643e-02
   2.818032e+01   1.317671e+03   3.212690e+01   3.899038e-02
   2.823707e+01   1.319474e+03   3.254138e+01   3.838793e-02
   2.829394e+01   1.318500e+03   3.292730e+01   3.777691e-02
   2.835092e+01   1.314980e+03   3.328250e+01   3.716836e-02
   2.840802e+01   1.308866e+03   3.359725e+01   3.656595e-02
   2.846523e+01   1.299406e+03   3.383954e+01   3.598102e-02
   2.852256e+01   1.287336e+03   3.402201e+01   3.541480e-02
   2.858000e+01   1.272819e+03   3.414159e+01   3.486776e-02
   2.863756e+01   1.255291e+03   3.416930e+01   3.435101e-02
   2.869523e+01   1.235153e+03   3.410830e+01   3.386565e-02
   2.875302e+01   1.213035e+03   3.397346e+01   3.340706e-02
   2.881093e+01   1.188840e+03   3.375286e+01   3.298232e-02
   2.886896e+01   1.162364e+03   3.342491e+01   3.260450e-02
   2.892710e+01   1.134752e+03   3.303007e+01   3.226059e-02
   2.898535e+01   1.106218e+03   3.257221e+01   3.195392e-02
   2.904373e+01   1.076331e+03   3.201525e+01   3.170899e-02
   2.910222e+01   1.046256e+03   3.141001e+01   3.150865e-02
   2.916083e+01   1.016348e+03   3.077369e+01   3.135097e-02
   2.921956e+01   9.862700e+02   3.006974e+01   3.126515e-02
   2.927841e+01   9.568083e+02   2.933964e+01   3.123537e-02
   2.933737e+01   9.282273e+02   2.860684e+01   3.125327e-02
   2.939646e+01   9.004109e+02   2.784814e+01   3.133913e-02
   2.945566e+01   8.736907e+02   2.708012e+01   3.148445e-02
   2.951498e+01   8.481203e+02   2.633008e+01   3.167099e-02
   2.957442e+01   8.236592e+02   2.558305e+01   3.190648e-02
   2.963399e+01   8.005265e+02   2.484012e+01   3.218172e-02
   2.969367e+01   7.784591e+02   2.412492e+01   3.247549e-02
   2.975347e+01   7.574576e+02   2.342720e+01   3.278462e-02
   2.981339e+01   7.378618e+02   2.274277e+01   3.309251e-02
   2.987343e+01   7.191220e+02   2.208729e+01   3.338834e-02
   2.993360e+01   7.012937e+02   2.145355e+01   3.366453e-02
   2.999388e+01   6.848937e+02   2.083842e+01   3.389953e-02
   3.005429e+01   6.691770e+02   2.024905e+01   3.410099e-02
   3.011482e+01   6.542610e+02   1.968069e+01   3.426253e-02
   3.017547e+01   6.407548e+02   1.913294e+01   3.436525e-02
   3.023624e+01   6.278295e+02   1.860640e+01   3.442995e-02
   3.029713e+01   6.156610e+02   1.809842e+01   3.445266e-02
   3.035815e+01   6.048310e+02   1.761068e+01   3.442159e-02
   3.041929e+01   5.945257e+02   1.713993e+01   3.435970e-02
   3.048055e+01   5.849745e+02   1.668524e+01   3.426417e-02
   3.054194e+01   5.766331e+02   1.624882e+01   3.412999e-02
   3.060345e+01   5.687925e+02   1.582608e+01   3.397508e-02
   3.066508e+01   5.617281e+02   1.541751e+01   3.379697e-02
   3.072684e+01   5.557393e+02   1.502480e+01   3.359467e-02
   3.078872e+01   5.502394e+02   1.464338e+01   3.338013e-02
   3.085073e+01   5.455722e+02   1.427486e+01   3.315048e-02
   3.091286e+01   5.418536e+02   1.391979e+01   3.290703e-02
   3.097512e+01   5.386310e+02   1.357441e+01   3.265697e-02
   3.103750e+01   5.363297e+02   1.324135e+01   3.239705e-02
   3.110001e+01   5.348737e+02   1.291972e+01   3.212971e-02
   3.116264e+01   5.339376e+02   1.260676e+01   3.185900e-02
   3.122540e+01   5.340640e+02   1.230613e+01   3.158104e-02
   3.128829e+01   5.349476e+02   1.201538e+01   3.129941e-02
   3.135130e+01   5.363906e+02   1.173283e+01   3.101607e-02
   3.141444e+01   5.390973e+02   1.146333e+01   3.072627e-02
   3.147771e+01   5.424785e+02   1.120255e+01   3.043485e-02
   3.154111e+01   5.465880e+02   1.095074e+01   3.014151e-02
   3.160463e+01   5.520203e+02   1.071198e+01   2.984244e-02
   3.166828e+01   5.581408e+02   1.048183e+01   2.954204e-02
   3.173206e+01   5.652774e+02   1.026257e+01   2.923810e-02
   3.179596e+01   5.736943e+02   1.005622e+01   2.892895e-02
   3.186000e+01   5.828771e+02   9.859177e+00   2.861768e-02
   3.192416e+01   5.934672e+02   9.676247e+00   2.830003e-02
   3.198846e+01   6.052382e+02   9.506146e+00   2.797724e-02
   3.205288e+01   6.178969e+02   9.346768e+00   2.765075e-02
   3.211743e+01   6.324167e+02   9.206246e+00   2.731404e-02
   3.218212e+01   6.479652e+02   9.078509e+00   2.697205e-02
   3.224693e+01   6.648043e+02   8.966056e+00   2.662278e-02
   3.231187e+01   6.834829e+02   8.874680e+00   2.626222e-02
   3.237695e+01   7.032128e+02   8.797935e+00   2.589529e-02
   3.244215e+01   7.247684e+02   8.744143e+00   2.551667e-02
   3.250749e+01   7.478528e+02   8.711938e+00   2.512823e-02
   3.257296e+01   7.721207e+02   8.698386e+00   2.473241e-02
   3.263856e+01   7.985467e+02   8.716740e+00   2.432277e-02
   3.270429e+01   8.261110e+02   8.756805e+00   2.390671e-02
   3.277016e+01   8.552020e+02   8.825290e+00   2.348221e-02
   3.283615e+01   8.858899e+02   8.927071e+00   2.304971e-02
   3.290228e+01   9.175139e+02   9.054162e+00   2.261428e-02
   3.296855e+01   9.506573e+02   9.221474e+00   2.217347e-02
   3.303495e+01   9.845346e+02   9.419531e+00   2.173324e-02
   3.310148e+01   1.019059e+03   9.650712e+00   2.129491e-02
   3.316814e+01   1.054119e+03   9.923112e+00   2.086111e-02
   3.323494e+01   1.089107e+03   1.022461e+01   2.043464e-02
   3.330187e+01   1.123861e+03   1.056595e+01   2.001873e-02
   3.336894e+01   1.157849e+03   1.093852e+01   1.961589e-02
   3.343615e+01   1.190798e+03   1.133952e+01   1.922639e-02
   3.350348e+01   1.221969e+03   1.177335e+01   1.885853e-02
   3.357096e+01   1.251382e+03   1.222672e+01   1.850633e-02
   3.363857e+01   1.278123e+03   1.270248e+01   1.817996e-02
   3.370632e+01   1.301987e+03   1.319064e+01   1.787856e-02
   3.377420e+01   1.322977e+03   1.368676e+01   1.759837e-02
   3.384222e+01   1.339330e+03   1.418222e+01   1.736361e-02
   3.391038e+01   1.352513e+03   1.467203e+01   1.715043e-02
   3.397867e+01   1.360115e+03   1.514213e+01   1.699471e-02
   3.404710e+01   1.362964e+03   1.558542e+01   1.688572e-02
   3.411567e+01   1.361250e+03   1.600078e+01   1.682330e-02
   3.418438e+01   1.351968e+03   1.635297e+01   1.686033e-02
   3.425322e+01   1.339578e+03   1.667772e+01   1.693308e-02
   3.432221e+01   1.318612e+03   1.691128e+01   1.713894e-02
   3.439133e+01   1.294493e+03   1.710296e+01   1.739576e-02
   3.446059e+01   1.265708e+03   1.723250e+01   1.773663e-02
   3.452999e+01   1.233360e+03   1.729521e+01   1.813239e-02
   3.459954e+01   1.200009e+03   1.733602e+01   1.855546e-02
   3.466922e+01   1.164249e+03   1.729913e+01   1.897578e-02
   3.473904e+01   1.129064e+03   1.725521e+01   1.938110e-02
   3.480900e+01   1.093746e+03   1.716864e+01   1.973579e-02
   3.487911e+01   1.059098e+03   1.706364e+01   2.004997e-02
   3.494935e+01   1.025074e+03   1.694129e+01   2.032492e-02
   3.501974e+01   9.916815e+02   1.678822e+01   2.055863e-02
   3.509027e+01   9.590705e+02   1.663308e+01   2.077980e-02
   3.516094e+01   9.270352e+02   1.643984e+01   2.098435e-02
   3.523175e+01   8.958170e+02   1.624516e+01   2.119226e-02
   3.530270e+01   8.653132e+02   1.602905e+01   2.140702e-02
   3.537380e+01   8.356460e+02   1.580216e+01   2.163411e-02
   3.544504e+01   8.068087e+02   1.556986e+01   2.187244e-02
   3.551643e+01   7.789022e+02   1.531981e+01   2.212866e-02
   3.558796e+01   7.518282e+02   1.507695e+01   2.239235e-02
   3.565963e+01   7.258357e+02   1.481435e+01   2.267206e-02
   3.573145e+01   7.006589e+02   1.456126e+01   2.295574e-02
   3.580341e+01   6.765227e+02   1.430018e+01   2.324610e-02
   3.587551e+01   6.532739e+02   1.404356e+01   2.353709e-02
   3.594776e+01   6.308702e+02   1.378867e+01   2.382783e-02
   3.602016e+01   6.094834e+02   1.353424e+01   2.411293e-02
   3.609270e+01   5.886593e+02   1.328792e+01   2.439443e-02
   3.616539e+01   5.690032e+02   1.303957e+01   2.466160e-02
   3.623823e+01   5.496999e+02   1.280172e+01   2.492322e-02
   3.631121e+01   5.315145e+02   1.256325e+01   2.516364e-02
   3.638434e+01   5.136957e+02   1.233366e+01   2.539385e-02
   3.645762e+01   4.967033e+02   1.210687e+01   2.560213e-02
   3.653104e+01   4.802300e+02   1.188639e+01   2.579270e-02
   3.660461e+01   4.643021e+02   1.167072e+01   2.596343e-02
   3.667833e+01   4.490533e+02   1.145961e+01   2.610865e-02
   3.675220e+01   4.340964e+02   1.125430e+01   2.623821e-02
   3.682622e+01   4.199785e+02   1.105242e+01   2.633525e-02
   3.690038e+01   4.059350e+02   1.085663e+01   2.642194e-02
   3.697470e+01   3.928740e+02   1.066371e+01   2.647103e-02
   3.704917e+01   3.798661e+02   1.047635e+01   2.651047e-02
   3.712378e+01   3.676408e+02   1.029242e+01   2.651911e-02
   3.719855e+01   3.556232e+02   1.011317e+01   2.651450e-02
   3.727346e+01   3.441986e+02   9.937602e+00   2.648632e-02
   3.734853e+01   3.331256e+02   9.766178e+00   2.644256e-02
   3.742375e+01   3.224737e+02   9.598430e+00   2.638190e-02
   3.749912e+01   3.122980e+02   9.434562e+00   2.630471e-02
   3.757464e+01   3.023887e+02   9.274184e+00   2.621632e-02
   3.765031e+01   2.930581e+02   9.117624e+00   2.611167e-02
   3.772614e+01   2.838580e+02   8.964257e+00   2.600036e-02
   3.780212e+01   2.753174e+02   8.814758e+00   2.587394e-02
   3.787825e+01   2.668036e+02   8.668100e+00   2.574406e-02
   3.795453e+01   2.589838e+02   8.525371e+00   2.560114e-02
   3.803097e+01   2.511751e+02   8.385254e+00   2.545610e-02
   3.810756e+01   2.439574e+02   8.248898e+00   2.530188e-02
   3.818431e+01   2.368109e+02   8.115090e+00   2.514566e-02
   3.826121e+01   2.301411e+02   7.984765e+00   2.498347e-02
   3.833827e+01   2.236009e+02   7.857006e+00   2.481955e-02
   3.841548e+01   2.174350e+02   7.732428e+00   2.465210e-02
   3.849285e+01   2.114444e+02   7.610438e+00   2.448333e-02
   3.857037e+01   2.057462e+02   7.491315e+00   2.431271e-02
   3.864805e+01   2.002536e+02   7.374803e+00   2.414132e-02
   3.872588e+01   1.949836e+02   7.260855e+00   2.396925e-02
   3.880388e+01   1.899407e+02   7.149541e+00   2.379702e-02
   3.888203e+01   1.850646e+02   7.040514e+00   2.362488e-02
   3.896033e+01   1.804271e+02   6.934123e+00   2.345316e-02
   3.903880e+01   1.759113e+02   6.829762e+00   2.328201e-02
   3.911742e+01   1.716383e+02   6.728013e+00   2.311178e-02
   3.919620e+01   1.674519e+02   6.628063e+00   2.294239e-02
   3.927514e+01   1.635082e+02   6.530696e+00   2.277440e-02
   3.935424e+01   1.596243e+02   6.434931e+00   2.260741e-02
   3.943349e+01   1.559764e+02   6.341700e+00   2.244219e-02
   3.951291e+01   1.523675e+02   6.249902e+00   2.227805e-02
   3.959249e+01   1.489872e+02   6.160565e+00   2.211596e-02
   3.967223e+01   1.456315e+02   6.072516e+00   2.195495e-02
   3.975212e+01   1.424917e+02   5.986840e+00   2.179620e-02
   3.983218e+01   1.393660e+02   5.902333e+00   2.163852e-02
   3.991240e+01   1.364437e+02   5.820124e+00   2.148330e-02
   3.999279e+01   1.335289e+02   5.738987e+00   2.132911e-02
   4.007333e+01   1.308043e+02   5.660034e+00   2.117744e-02
   4.015403e+01   1.280834e+02   5.582075e+00   2.102677e-02
   4.023490e+01   1.255378e+02   5.506196e+00   2.087867e-02
   4.031593e+01   1.229944e+02   5.431253e+00   2.073155e-02
   4.039713e+01   1.206110e+02   5.358281e+00   2.058702e-02
   4.047849e+01   1.182300e+02   5.286200e+00   2.044345e-02
   4.056001e+01   1.159945e+02   5.215965e+00   2.030239e-02
   4.064169e+01   1.137628e+02   5.146587e+00   2.016229e-02
   4.072354e+01   1.116626e+02   5.078939e+00   2.002462e-02
   4.080556e+01   1.095691e+02   5.012128e+00   1.988793e-02
   4.088774e+01   1.075917e+02   4.946939e+00   1.975359e-02
   4.097009e+01   1.056242e+02   4.882575e+00   1.962026e-02
   4.105260e+01   1.037602e+02   4.819703e+00   1.948914e-02
   4.113528e+01   1.019101e+02   4.757649e+00   1.935903e-02
   4.121812e+01   1.001493e+02   4.696979e+00   1.923102e-02
   4.130113e+01   9.840620e+01   4.637130e+00   1.910407e-02
   4.138431e+01   9.674104e+01   4.578548e+00   1.897906e-02
   4.146766e+01   9.509852e+01   4.520792e+00   1.885516e-02
   4.155117e+01   9.352122e+01   4.464191e+00   1.873303e-02
   4.163485e+01   9.197062e+01   4.408426e+00   1.861207e-02
   4.171870e+01   9.047401e+01   4.353711e+00   1.849273e-02
   4.180272e+01   8.900867e+01   4.299845e+00   1.837462e-02
   4.188691e+01   8.758698e+01   4.246924e+00   1.825795e-02
   4.197127e+01   8.620139e+01   4.194868e+00   1.814259e-02
   4.205580e+01   8.484899e+01   4.143654e+00   1.802849e-02
   4.214050e+01   8.353664e+01   4.093323e+00   1.791578e-02
   4.222536e+01   8.224858e+01   4.043735e+00   1.780416e-02
   4.231040e+01   8.100569e+01   3.995046e+00   1.769398e-02
   4.239562e+01   7.977781e+01   3.947010e+00   1.758474e-02
   4.248100e+01   7.859816e+01   3.899897e+00   1.747702e-02
   4.256655e+01   7.742544e+01   3.853346e+00   1.737007e-02
   4.265228e+01   7.630503e+01   3.807738e+00   1.726474e-02
   4.273818e+01   7.518464e+01   3.762611e+00   1.716001e-02
   4.282425e+01   7.411999e+01   3.718426e+00   1.705691e-02
   4.291050e+01   7.305349e+01   3.674689e+00   1.695437e-02
   4.299692e+01   7.203561e+01   3.631842e+00   1.685339e-02
   4.308351e+01   7.102071e+01   3.589467e+00   1.675305e-02
   4.317028e+01   7.004475e+01   3.547876e+00   1.665405e-02
   4.325722e+01   6.907900e+01   3.506806e+00   1.655580e-02
   4.334434e+01   6.814167e+01   3.466418e+00   1.645871e-02
   4.343163e+01   6.722094e+01   3.426594e+00   1.636250e-02
   4.351910e+01   6.632027e+01   3.387358e+00   1.626723e-02
   4.360675e+01   6.544293e+01   3.348728e+00   1.617296e-02
   4.369457e+01   6.457715e+01   3.310598e+00   1.607947e-02
   4.378257e+01   6.374044e+01   3.273119e+00   1.598709e-02
   4.387075e+01   6.290741e+01   3.236054e+00   1.589529e-02
   4.395910e+01   6.210827e+01   3.199676e+00   1.580474e-02
   4.404763e+01   6.130790e+01   3.163655e+00   1.571464e-02
   4.413634e+01   6.054191e+01   3.128310e+00   1.562579e-02
   4.422523e+01   5.977706e+01   3.093330e+00   1.553742e-02
   4.431430e+01   5.903775e+01   3.058938e+00   1.545010e-02
   4.440354e+01   5.830652e+01   3.024965e+00   1.536343e-02
   4.449297e+01   5.759199e+01   2.991493e+00   1.527760e-02
   4.458258e+01   5.689151e+01   2.958487e+00   1.519256e-02
   4.467236e+01   5.620088e+01   2.925900e+00   1.510818e-02
   4.476233e+01   5.553135e+01   2.893825e+00   1.502471e-02
   4.485248e+01   5.486414e+01   2.862090e+00   1.494173e-02
   4.494281e+01   5.422229e+01   2.830911e+00   1.485978e-02
   4.503333e+01   5.357981e+01   2.800032e+00   1.477823e-02
   4.512402e+01   5.296102e+01   2.769681e+00   1.469767e-02
   4.521490e+01   5.234530e+01   2.739657e+00   1.461759e-02
   4.530596e+01   5.174533e+01   2.710076e+00   1.453831e-02
   4.539720e+01   5.115460e+01   2.680870e+00   1.445964e-02
   4.548863e+01   5.057276e+01   2.652033e+00   1.438158e-02
   4.558024e+01   5.000627e+01   2.623621e+00   1.430428e-02
   4.567204e+01   4.944183e+01   2.595504e+00   1.422742e-02
   4.576402e+01   4.889731e+01   2.567854e+00   1.415146e-02
   4.585619e+01   4.835247e+01   2.540468e+00   1.407586e-02
   4.594854e+01   4.782618e+01   2.513521e+00   1.400109e-02
   4.604108e+01   4.730340e+01   2.486866e+00   1.392677e-02
   4.613380e+01   4.679125e+01   2.460576e+00   1.385311e-02
   4.622671e+01   4.628788e+01   2.434626e+00   1.378005e-02
   4.631981e+01   4.578936e+01   2.408971e+00   1.370746e-02
   4.641310e+01   4.530561e+01   2.383700e+00   1.363559e-02
   4.650657e+01   4.482171e+01   2.358669e+00   1.356408e-02
   4.660023e+01   4.435532e+01   2.334042e+00   1.349336e-02
   4.669408e+01   4.388980e+01   2.309657e+00   1.342299e-02
   4.678812e+01   4.343542e+01   2.285615e+00   1.335326e-02
   4.688235e+01   4.298759e+01   2.261863e+00   1.328405e-02
   4.697677e+01   4.254466e+01   2.238384e+00   1.321529e-02
   4.707138e+01   4.211330e+01   2.215238e+00   1.314716e-02
   4.716618e+01   4.168190e+01   2.192310e+00   1.307936e-02
   4.726117e+01   4.126480e+01   2.169744e+00   1.301228e-02
   4.735635e+01   4.084825e+01   2.147396e+00   1.294554e-02
   4.745173e+01   4.044132e+01   2.125349e+00   1.287937e-02
   4.754729e+01   4.004051e+01   2.103567e+00   1.281367e-02
   4.764305e+01   3.964326e+01   2.082022e+00   1.274837e-02
   4.773900e+01   3.925667e+01   2.060781e+00   1.268367e-02
   4.783514e+01   3.887010e+01   2.039739e+00   1.261927e-02
   4.793148e+01   3.849578e+01   2.019011e+00   1.255551e-02
   4.802801e+01   3.812320e+01   1.998493e+00   1.249208e-02
   4.812474e+01   3.775665e+01   1.978227e+00   1.242914e-02
   4.822166e+01   3.739630e+01   1.958213e+00   1.236667e-02
   4.831878e+01   3.703722e+01   1.938397e+00   1.230452e-02
   4.841609e+01   3.668918e+01   1.918873e+00   1.224296e-02
   4.851360e+01   3.634124e+01   1.899530e+00   1.218169e-02
   4.861130e+01   3.600199e+01   1.880445e+00   1.212095e-02
   4.870920e+01   3.566668e+01   1.861572e+00   1.206058e-02
   4.880730e+01   3.533444e+01   1.842904e+00   1.200058e-02
   4.890559e+01   3.501019e+01   1.824487e+00   1.194108e-02
   4.900409e+01   3.468606e+01   1.806240e+00   1.188186e-02
   4.910278e+01   3.437059e+01   1.788248e+00   1.182317e-02
   4.920167e+01   3.405684e+01   1.770438e+00   1.176480e-02
   4.930076e+01   3.374769e+01   1.752832e+00   1.170681e-02
   4.940005e+01   3.344539e+01   1.735447e+00   1.164927e-02
   4.949954e+01   3.314322e+01   1.718222e+00   1.159199e-02
   4.959923e+01   3.284856e+01   1.701242e+00   1.153523e-02
   4.969912e+01   3.255447e+01   1.684423e+00   1.147875e-02
   4.979921e+01   3.226554e+01   1.667802e+00   1.142265e-02
   4.989950e+01   3.198223e+01   1.651381e+00   1.136696e-02
   5.000000e+01   3.169907e+01   1.635111e+00   1.131153e-02