#============================================================================
# Opacities computed by OpTool
# Method:   DHS  fmax=  0.800
# Parameters:
#   amin [um]=      4.000 amax [um]=      4.000  na  =    1     apow=   3.5    
#   lmin [um]=      6.700 lmax [um]=     50.000  nlam= 1000     nang=   180
#   porosity =      0.000 p_mantle =      0.000  fmax= 0.80     chop=   0.0
# Composition:
#  Where   mfrac  rho   Material
#  -----   -----  ----  -----------------------------------------------------
#  core    0.333  3.30  /Users/jvarga/Dokumentumok/MATISSE/pro/optool/lnk_data/ad/oliSC_x_551K.lnk
#  core    0.333  3.30  /Users/jvarga/Dokumentumok/MATISSE/pro/optool/lnk_data/ad/oliSC_y_551K.lnk
#  core    0.333  3.30  /Users/jvarga/Dokumentumok/MATISSE/pro/optool/lnk_data/ad/oliSC_z_551K.lnk
#  - - -   - - -  -  -  - - - - - - - - - - - - - - - - - - - - - - - - - - -
#============================================================================
# Standard output file, no scattering matrix
#    iformat
#    nlambda
#    lambda[um]  kabs [cm^2/g]  ksca [cm^2/g]    g_asymmetry
#============================================================================
           3
        1000
   6.700000e+00   3.299295e+01   1.709882e+03   7.537213e-01
   6.713493e+00   3.320149e+01   1.698484e+03   7.537016e-01
   6.727014e+00   3.340610e+01   1.687081e+03   7.536883e-01
   6.740562e+00   3.362185e+01   1.675649e+03   7.536815e-01
   6.754137e+00   3.384227e+01   1.664212e+03   7.536823e-01
   6.767740e+00   3.405571e+01   1.652770e+03   7.536874e-01
   6.781370e+00   3.429760e+01   1.641265e+03   7.537027e-01
   6.795027e+00   3.451454e+01   1.629789e+03   7.537193e-01
   6.808712e+00   3.474240e+01   1.618271e+03   7.537429e-01
   6.822424e+00   3.498286e+01   1.606722e+03   7.537734e-01
   6.836164e+00   3.520733e+01   1.595151e+03   7.538078e-01
   6.849932e+00   3.545511e+01   1.583541e+03   7.538481e-01
   6.863727e+00   3.571382e+01   1.571871e+03   7.538947e-01
   6.877551e+00   3.596855e+01   1.560168e+03   7.539457e-01
   6.891402e+00   3.621598e+01   1.548444e+03   7.539988e-01
   6.905281e+00   3.647903e+01   1.536658e+03   7.540578e-01
   6.919188e+00   3.674117e+01   1.524844e+03   7.541175e-01
   6.933123e+00   3.699274e+01   1.512963e+03   7.541828e-01
   6.947086e+00   3.726357e+01   1.501037e+03   7.542502e-01
   6.961077e+00   3.754025e+01   1.489024e+03   7.543208e-01
   6.975096e+00   3.780805e+01   1.476992e+03   7.543919e-01
   6.989143e+00   3.807695e+01   1.464896e+03   7.544641e-01
   7.003219e+00   3.836500e+01   1.452701e+03   7.545398e-01
   7.017323e+00   3.865700e+01   1.440463e+03   7.546152e-01
   7.031456e+00   3.894793e+01   1.428158e+03   7.546907e-01
   7.045617e+00   3.924712e+01   1.415767e+03   7.547674e-01
   7.059806e+00   3.953034e+01   1.403335e+03   7.548409e-01
   7.074025e+00   3.982544e+01   1.390828e+03   7.549137e-01
   7.088271e+00   4.012962e+01   1.378229e+03   7.549862e-01
   7.102547e+00   4.041712e+01   1.365600e+03   7.550545e-01
   7.116851e+00   4.072955e+01   1.352887e+03   7.551230e-01
   7.131184e+00   4.101604e+01   1.340128e+03   7.551848e-01
   7.145546e+00   4.132859e+01   1.327278e+03   7.552450e-01
   7.159937e+00   4.163866e+01   1.314385e+03   7.553029e-01
   7.174356e+00   4.196021e+01   1.301399e+03   7.553554e-01
   7.188805e+00   4.225583e+01   1.288421e+03   7.554001e-01
   7.203283e+00   4.257049e+01   1.275335e+03   7.554432e-01
   7.217790e+00   4.288039e+01   1.262211e+03   7.554795e-01
   7.232326e+00   4.321898e+01   1.249047e+03   7.555115e-01
   7.246892e+00   4.353136e+01   1.235833e+03   7.555350e-01
   7.261487e+00   4.386567e+01   1.222586e+03   7.555539e-01
   7.276111e+00   4.418236e+01   1.209309e+03   7.555637e-01
   7.290765e+00   4.450525e+01   1.196013e+03   7.555674e-01
   7.305448e+00   4.483410e+01   1.182667e+03   7.555632e-01
   7.320161e+00   4.517388e+01   1.169273e+03   7.555536e-01
   7.334904e+00   4.551997e+01   1.155881e+03   7.555362e-01
   7.349676e+00   4.585451e+01   1.142502e+03   7.555093e-01
   7.364478e+00   4.619456e+01   1.129073e+03   7.554755e-01
   7.379309e+00   4.652707e+01   1.115666e+03   7.554320e-01
   7.394171e+00   4.688493e+01   1.102237e+03   7.553831e-01
   7.409062e+00   4.722994e+01   1.088805e+03   7.553257e-01
   7.423984e+00   4.758043e+01   1.075381e+03   7.552596e-01
   7.438935e+00   4.792890e+01   1.061985e+03   7.551852e-01
   7.453917e+00   4.831390e+01   1.048551e+03   7.551080e-01
   7.468929e+00   4.868919e+01   1.035143e+03   7.550212e-01
   7.483971e+00   4.904159e+01   1.021772e+03   7.549253e-01
   7.499043e+00   4.943264e+01   1.008399e+03   7.548259e-01
   7.514146e+00   4.980656e+01   9.950445e+02   7.547186e-01
   7.529279e+00   5.018440e+01   9.817065e+02   7.546053e-01
   7.544443e+00   5.058442e+01   9.684030e+02   7.544882e-01
   7.559637e+00   5.099871e+01   9.551327e+02   7.543657e-01
   7.574862e+00   5.138472e+01   9.418623e+02   7.542378e-01
   7.590117e+00   5.179922e+01   9.286285e+02   7.541076e-01
   7.605403e+00   5.221664e+01   9.154136e+02   7.539730e-01
   7.620720e+00   5.265360e+01   9.022196e+02   7.538374e-01
   7.636068e+00   5.307395e+01   8.890697e+02   7.536980e-01
   7.651447e+00   5.352746e+01   8.759373e+02   7.535593e-01
   7.666856e+00   5.397139e+01   8.628405e+02   7.534181e-01
   7.682297e+00   5.441527e+01   8.497795e+02   7.532758e-01
   7.697769e+00   5.488086e+01   8.367252e+02   7.531358e-01
   7.713272e+00   5.534671e+01   8.237024e+02   7.529965e-01
   7.728806e+00   5.583258e+01   8.107009e+02   7.528592e-01
   7.744371e+00   5.631518e+01   7.977404e+02   7.527230e-01
   7.759968e+00   5.680582e+01   7.847925e+02   7.525899e-01
   7.775596e+00   5.731564e+01   7.718675e+02   7.524607e-01
   7.791256e+00   5.784616e+01   7.589505e+02   7.523371e-01
   7.806947e+00   5.835748e+01   7.460877e+02   7.522145e-01
   7.822670e+00   5.889198e+01   7.332335e+02   7.520970e-01
   7.838425e+00   5.943980e+01   7.204015e+02   7.519849e-01
   7.854211e+00   5.998174e+01   7.075964e+02   7.518761e-01
   7.870029e+00   6.055486e+01   6.948067e+02   7.517749e-01
   7.885879e+00   6.112371e+01   6.820447e+02   7.516772e-01
   7.901760e+00   6.170460e+01   6.693049e+02   7.515846e-01
   7.917674e+00   6.231022e+01   6.565806e+02   7.514986e-01
   7.933620e+00   6.291141e+01   6.438878e+02   7.514161e-01
   7.949598e+00   6.354792e+01   6.312077e+02   7.513404e-01
   7.965608e+00   6.415404e+01   6.185655e+02   7.512655e-01
   7.981650e+00   6.479862e+01   6.059501e+02   7.511960e-01
   7.997725e+00   6.545780e+01   5.933494e+02   7.511313e-01
   8.013832e+00   6.611740e+01   5.807894e+02   7.510680e-01
   8.029972e+00   6.680316e+01   5.682701e+02   7.510073e-01
   8.046144e+00   6.748986e+01   5.557585e+02   7.509491e-01
   8.062348e+00   6.819948e+01   5.433068e+02   7.508915e-01
   8.078585e+00   6.891832e+01   5.308965e+02   7.508339e-01
   8.094855e+00   6.962960e+01   5.185262e+02   7.507742e-01
   8.111158e+00   7.037668e+01   5.061985e+02   7.507147e-01
   8.127493e+00   7.112203e+01   4.939447e+02   7.506518e-01
   8.143862e+00   7.191255e+01   4.817063e+02   7.505894e-01
   8.160263e+00   7.269329e+01   4.695625e+02   7.505201e-01
   8.176697e+00   7.349307e+01   4.574619e+02   7.504477e-01
   8.193165e+00   7.431424e+01   4.454330e+02   7.503706e-01
   8.209666e+00   7.516285e+01   4.334702e+02   7.502890e-01
   8.226199e+00   7.601091e+01   4.216025e+02   7.501990e-01
   8.242767e+00   7.687395e+01   4.098029e+02   7.501031e-01
   8.259367e+00   7.775284e+01   3.981001e+02   7.499991e-01
   8.276001e+00   7.866804e+01   3.864828e+02   7.498901e-01
   8.292669e+00   7.959547e+01   3.749565e+02   7.497730e-01
   8.309370e+00   8.053889e+01   3.635548e+02   7.496479e-01
   8.326104e+00   8.151444e+01   3.522317e+02   7.495171e-01
   8.342873e+00   8.249666e+01   3.410519e+02   7.493774e-01
   8.359675e+00   8.350769e+01   3.299850e+02   7.492315e-01
   8.376511e+00   8.454399e+01   3.190343e+02   7.490806e-01
   8.393381e+00   8.560406e+01   3.082206e+02   7.489238e-01
   8.410285e+00   8.671349e+01   2.975617e+02   7.487638e-01
   8.427223e+00   8.780434e+01   2.870339e+02   7.485981e-01
   8.444195e+00   8.896652e+01   2.766628e+02   7.484328e-01
   8.461201e+00   9.014374e+01   2.664637e+02   7.482655e-01
   8.478241e+00   9.133697e+01   2.564297e+02   7.480978e-01
   8.495316e+00   9.257648e+01   2.465658e+02   7.479336e-01
   8.512425e+00   9.385492e+01   2.369070e+02   7.477732e-01
   8.529569e+00   9.515806e+01   2.274333e+02   7.476182e-01
   8.546747e+00   9.650208e+01   2.181723e+02   7.474707e-01
   8.563960e+00   9.788626e+01   2.091182e+02   7.473334e-01
   8.581207e+00   9.931279e+01   2.003065e+02   7.472076e-01
   8.598489e+00   1.007946e+02   1.917274e+02   7.470973e-01
   8.615806e+00   1.023004e+02   1.833895e+02   7.470021e-01
   8.633158e+00   1.038622e+02   1.753249e+02   7.469262e-01
   8.650545e+00   1.054837e+02   1.675334e+02   7.468729e-01
   8.667967e+00   1.071431e+02   1.600246e+02   7.468439e-01
   8.685424e+00   1.088616e+02   1.528213e+02   7.468422e-01
   8.702916e+00   1.106446e+02   1.459344e+02   7.468723e-01
   8.720443e+00   1.124825e+02   1.393862e+02   7.469361e-01
   8.738005e+00   1.143946e+02   1.331807e+02   7.470406e-01
   8.755603e+00   1.163713e+02   1.273359e+02   7.471891e-01
   8.773237e+00   1.184321e+02   1.218826e+02   7.473876e-01
   8.790906e+00   1.205776e+02   1.168284e+02   7.476420e-01
   8.808610e+00   1.227960e+02   1.121899e+02   7.479596e-01
   8.826350e+00   1.251226e+02   1.079939e+02   7.483514e-01
   8.844126e+00   1.275468e+02   1.042618e+02   7.488227e-01
   8.861938e+00   1.300752e+02   1.010155e+02   7.493855e-01
   8.879785e+00   1.327325e+02   9.827934e+01   7.500497e-01
   8.897669e+00   1.355277e+02   9.608050e+01   7.508290e-01
   8.915588e+00   1.384435e+02   9.444418e+01   7.517288e-01
   8.933544e+00   1.415229e+02   9.340490e+01   7.527580e-01
   8.951535e+00   1.447682e+02   9.299799e+01   7.539190e-01
   8.969563e+00   1.482034e+02   9.324811e+01   7.552105e-01
   8.987628e+00   1.518400e+02   9.421892e+01   7.566248e-01
   9.005728e+00   1.556936e+02   9.592921e+01   7.581351e-01
   9.023865e+00   1.598011e+02   9.843986e+01   7.597068e-01
   9.042039e+00   1.641802e+02   1.017824e+02   7.612847e-01
   9.060249e+00   1.688515e+02   1.060220e+02   7.627989e-01
   9.078496e+00   1.738482e+02   1.112297e+02   7.641626e-01
   9.096780e+00   1.792092e+02   1.174422e+02   7.652573e-01
   9.115100e+00   1.849680e+02   1.247276e+02   7.659455e-01
   9.133458e+00   1.911365e+02   1.331170e+02   7.660642e-01
   9.151852e+00   1.977625e+02   1.426663e+02   7.654228e-01
   9.170283e+00   2.048615e+02   1.534123e+02   7.637925e-01
   9.188752e+00   2.124207e+02   1.653850e+02   7.609088e-01
   9.207258e+00   2.204596e+02   1.785457e+02   7.564516e-01
   9.225801e+00   2.288657e+02   1.927902e+02   7.500765e-01
   9.244381e+00   2.374703e+02   2.079310e+02   7.414538e-01
   9.262999e+00   2.461081e+02   2.237388e+02   7.302770e-01
   9.281654e+00   2.545381e+02   2.399116e+02   7.164245e-01
   9.300347e+00   2.624057e+02   2.561437e+02   7.001605e-01
   9.319077e+00   2.696137e+02   2.722118e+02   6.821383e-01
   9.337845e+00   2.763082e+02   2.878473e+02   6.634933e-01
   9.356651e+00   2.826702e+02   3.030690e+02   6.454371e-01
   9.375495e+00   2.890560e+02   3.178517e+02   6.289655e-01
   9.394377e+00   2.958329e+02   3.320562e+02   6.147657e-01
   9.413297e+00   3.032095e+02   3.454766e+02   6.031290e-01
   9.432255e+00   3.110859e+02   3.579234e+02   5.939443e-01
   9.451251e+00   3.192116e+02   3.690162e+02   5.869260e-01
   9.470285e+00   3.271042e+02   3.783159e+02   5.816340e-01
   9.489358e+00   3.342937e+02   3.853507e+02   5.776036e-01
   9.508469e+00   3.403288e+02   3.898882e+02   5.743312e-01
   9.527619e+00   3.449499e+02   3.918451e+02   5.714203e-01
   9.546807e+00   3.480520e+02   3.914942e+02   5.685823e-01
   9.566034e+00   3.497322e+02   3.896433e+02   5.657085e-01
   9.585299e+00   3.504143e+02   3.876509e+02   5.630026e-01
   9.604604e+00   3.508286e+02   3.871600e+02   5.609561e-01
   9.623947e+00   3.519005e+02   3.896007e+02   5.601677e-01
   9.643329e+00   3.544188e+02   3.958350e+02   5.610474e-01
   9.662750e+00   3.588927e+02   4.061354e+02   5.636740e-01
   9.682211e+00   3.655125e+02   4.203818e+02   5.678340e-01
   9.701710e+00   3.742459e+02   4.382740e+02   5.731470e-01
   9.721249e+00   3.848532e+02   4.594397e+02   5.791390e-01
   9.740827e+00   3.969522e+02   4.834935e+02   5.853127e-01
   9.760445e+00   4.100719e+02   5.100473e+02   5.912124e-01
   9.780102e+00   4.236605e+02   5.387041e+02   5.964566e-01
   9.799798e+00   4.371209e+02   5.690498e+02   6.007912e-01
   9.819535e+00   4.499928e+02   6.006955e+02   6.041518e-01
   9.839311e+00   4.620880e+02   6.332859e+02   6.066692e-01
   9.859127e+00   4.734449e+02   6.665298e+02   6.085696e-01
   9.878982e+00   4.842017e+02   7.001796e+02   6.100385e-01
   9.898878e+00   4.944949e+02   7.339663e+02   6.111584e-01
   9.918814e+00   5.044237e+02   7.676394e+02   6.119582e-01
   9.938790e+00   5.140904e+02   8.009305e+02   6.124660e-01
   9.958806e+00   5.235389e+02   8.335910e+02   6.127029e-01
   9.978863e+00   5.328417e+02   8.654098e+02   6.126460e-01
   9.998960e+00   5.421024e+02   8.961846e+02   6.122184e-01
   1.001910e+01   5.514698e+02   9.257387e+02   6.113306e-01
   1.003928e+01   5.612270e+02   9.539206e+02   6.099264e-01
   1.005949e+01   5.717647e+02   9.805495e+02   6.079756e-01
   1.007975e+01   5.835524e+02   1.005419e+03   6.054280e-01
   1.010005e+01   5.970562e+02   1.028118e+03   6.021958e-01
   1.012039e+01   6.126226e+02   1.047945e+03   5.981752e-01
   1.014078e+01   6.303545e+02   1.063775e+03   5.933776e-01
   1.016120e+01   6.502332e+02   1.074166e+03   5.881406e-01
   1.018166e+01   6.722012e+02   1.077656e+03   5.831834e-01
   1.020217e+01   6.957463e+02   1.073065e+03   5.793373e-01
   1.022272e+01   7.192726e+02   1.059995e+03   5.771492e-01
   1.024330e+01   7.401539e+02   1.039226e+03   5.766827e-01
   1.026393e+01   7.548145e+02   1.012709e+03   5.775493e-01
   1.028460e+01   7.600532e+02   9.842887e+02   5.792882e-01
   1.030532e+01   7.566845e+02   9.601559e+02   5.819155e-01
   1.032607e+01   7.499834e+02   9.459074e+02   5.858335e-01
   1.034687e+01   7.452171e+02   9.432154e+02   5.910321e-01
   1.036771e+01   7.443627e+02   9.501231e+02   5.968170e-01
   1.038859e+01   7.474162e+02   9.636620e+02   6.022776e-01
   1.040951e+01   7.534967e+02   9.808644e+02   6.064707e-01
   1.043047e+01   7.613016e+02   9.992374e+02   6.084571e-01
   1.045148e+01   7.690104e+02   1.017265e+03   6.074254e-01
   1.047253e+01   7.744093e+02   1.035406e+03   6.029462e-01
   1.049362e+01   7.754323e+02   1.056248e+03   5.955214e-01
   1.051475e+01   7.718583e+02   1.081310e+03   5.866945e-01
   1.053593e+01   7.663832e+02   1.107967e+03   5.786412e-01
   1.055715e+01   7.631074e+02   1.132306e+03   5.732478e-01
   1.057841e+01   7.642337e+02   1.153127e+03   5.713924e-01
   1.059971e+01   7.678693e+02   1.172143e+03   5.723256e-01
   1.062106e+01   7.712450e+02   1.190346e+03   5.750110e-01
   1.064245e+01   7.727610e+02   1.207350e+03   5.784679e-01
   1.066388e+01   7.721956e+02   1.221975e+03   5.819099e-01
   1.068536e+01   7.696115e+02   1.233943e+03   5.847959e-01
   1.070688e+01   7.650911e+02   1.244574e+03   5.868952e-01
   1.072844e+01   7.593039e+02   1.256576e+03   5.882542e-01
   1.075005e+01   7.539610e+02   1.272943e+03   5.891596e-01
   1.077170e+01   7.506616e+02   1.295717e+03   5.899125e-01
   1.079339e+01   7.501105e+02   1.325144e+03   5.906396e-01
   1.081513e+01   7.522108e+02   1.360308e+03   5.913508e-01
   1.083691e+01   7.567089e+02   1.400104e+03   5.920608e-01
   1.085874e+01   7.635956e+02   1.443674e+03   5.928016e-01
   1.088061e+01   7.730544e+02   1.490210e+03   5.935681e-01
   1.090252e+01   7.847995e+02   1.539115e+03   5.942331e-01
   1.092448e+01   7.976087e+02   1.589884e+03   5.945546e-01
   1.094648e+01   8.097885e+02   1.641776e+03   5.943211e-01
   1.096852e+01   8.197922e+02   1.693997e+03   5.934620e-01
   1.099061e+01   8.269763e+02   1.745784e+03   5.920774e-01
   1.101275e+01   8.317767e+02   1.796418e+03   5.903881e-01
   1.103493e+01   8.347622e+02   1.845450e+03   5.885840e-01
   1.105715e+01   8.365741e+02   1.892427e+03   5.867947e-01
   1.107942e+01   8.375674e+02   1.936903e+03   5.850419e-01
   1.110173e+01   8.376390e+02   1.978339e+03   5.832685e-01
   1.112409e+01   8.366040e+02   2.016162e+03   5.814197e-01
   1.114650e+01   8.340124e+02   2.049955e+03   5.794620e-01
   1.116894e+01   8.295480e+02   2.079237e+03   5.773800e-01
   1.119144e+01   8.228704e+02   2.103584e+03   5.751322e-01
   1.121398e+01   8.137325e+02   2.122647e+03   5.726817e-01
   1.123656e+01   8.021839e+02   2.135871e+03   5.700574e-01
   1.125919e+01   7.883305e+02   2.143210e+03   5.673230e-01
   1.128187e+01   7.725834e+02   2.144039e+03   5.645405e-01
   1.130459e+01   7.552064e+02   2.138817e+03   5.617065e-01
   1.132735e+01   7.369899e+02   2.127152e+03   5.588635e-01
   1.135017e+01   7.185882e+02   2.110168e+03   5.560881e-01
   1.137303e+01   7.013372e+02   2.087409e+03   5.535525e-01
   1.139593e+01   6.856368e+02   2.060836e+03   5.513185e-01
   1.141888e+01   6.726018e+02   2.030449e+03   5.495039e-01
   1.144188e+01   6.627308e+02   1.997820e+03   5.481968e-01
   1.146492e+01   6.572472e+02   1.963128e+03   5.476253e-01
   1.148801e+01   6.562645e+02   1.928067e+03   5.479175e-01
   1.151115e+01   6.602652e+02   1.893604e+03   5.492567e-01
   1.153433e+01   6.694061e+02   1.860870e+03   5.517850e-01
   1.155756e+01   6.809964e+02   1.832629e+03   5.552202e-01
   1.158084e+01   6.939632e+02   1.809758e+03   5.594338e-01
   1.160416e+01   7.057732e+02   1.793081e+03   5.640247e-01
   1.162753e+01   7.151435e+02   1.782110e+03   5.685720e-01
   1.165095e+01   7.218641e+02   1.775460e+03   5.727167e-01
   1.167441e+01   7.264861e+02   1.771671e+03   5.762542e-01
   1.169792e+01   7.302359e+02   1.769114e+03   5.791534e-01
   1.172148e+01   7.342638e+02   1.766638e+03   5.815665e-01
   1.174509e+01   7.395328e+02   1.762702e+03   5.836601e-01
   1.176874e+01   7.465560e+02   1.755231e+03   5.855929e-01
   1.179245e+01   7.552448e+02   1.741939e+03   5.874846e-01
   1.181620e+01   7.652098e+02   1.720570e+03   5.893992e-01
   1.183999e+01   7.760396e+02   1.690413e+03   5.913476e-01
   1.186384e+01   7.876181e+02   1.653999e+03   5.933461e-01
   1.188773e+01   8.007667e+02   1.616121e+03   5.955346e-01
   1.191167e+01   8.189259e+02   1.580846e+03   5.983148e-01
   1.193566e+01   8.392279e+02   1.565570e+03   6.001759e-01
   1.195970e+01   8.342847e+02   1.607023e+03   5.965288e-01
   1.198379e+01   7.960225e+02   1.677408e+03   5.895245e-01
   1.200792e+01   7.630826e+02   1.723589e+03   5.856319e-01
   1.203210e+01   7.407406e+02   1.750705e+03   5.842928e-01
   1.205634e+01   7.245625e+02   1.769236e+03   5.840605e-01
   1.208062e+01   7.111534e+02   1.784704e+03   5.840502e-01
   1.210495e+01   6.992130e+02   1.799255e+03   5.838797e-01
   1.212933e+01   6.880433e+02   1.813995e+03   5.834345e-01
   1.215375e+01   6.777813e+02   1.829030e+03   5.827607e-01
   1.217823e+01   6.683972e+02   1.844098e+03   5.818975e-01
   1.220276e+01   6.593985e+02   1.858675e+03   5.808435e-01
   1.222733e+01   6.496352e+02   1.872564e+03   5.795672e-01
   1.225196e+01   6.385454e+02   1.885339e+03   5.781103e-01
   1.227663e+01   6.267865e+02   1.896729e+03   5.766048e-01
   1.230136e+01   6.155354e+02   1.906736e+03   5.751632e-01
   1.232613e+01   6.054923e+02   1.915204e+03   5.738071e-01
   1.235096e+01   5.962153e+02   1.922100e+03   5.724566e-01
   1.237583e+01   5.866691e+02   1.927025e+03   5.710013e-01
   1.240075e+01   5.757220e+02   1.929387e+03   5.693623e-01
   1.242573e+01   5.625985e+02   1.928598e+03   5.675252e-01
   1.245075e+01   5.471997e+02   1.924319e+03   5.655565e-01
   1.247583e+01   5.301463e+02   1.916702e+03   5.635767e-01
   1.250095e+01   5.123696e+02   1.906373e+03   5.617108e-01
   1.252613e+01   4.950475e+02   1.894049e+03   5.600807e-01
   1.255136e+01   4.788236e+02   1.880649e+03   5.587383e-01
   1.257664e+01   4.642029e+02   1.866802e+03   5.577162e-01
   1.260196e+01   4.513702e+02   1.852957e+03   5.570163e-01
   1.262734e+01   4.402603e+02   1.839375e+03   5.566150e-01
   1.265278e+01   4.307663e+02   1.826083e+03   5.564886e-01
   1.267826e+01   4.226510e+02   1.813025e+03   5.565968e-01
   1.270379e+01   4.156679e+02   1.800015e+03   5.568991e-01
   1.272938e+01   4.095499e+02   1.786813e+03   5.573529e-01
   1.275501e+01   4.040548e+02   1.773086e+03   5.579153e-01
   1.278070e+01   3.989015e+02   1.758536e+03   5.585389e-01
   1.280644e+01   3.938888e+02   1.742789e+03   5.591860e-01
   1.283223e+01   3.888001e+02   1.725569e+03   5.598179e-01
   1.285807e+01   3.834763e+02   1.706616e+03   5.604041e-01
   1.288397e+01   3.778120e+02   1.685782e+03   5.609224e-01
   1.290992e+01   3.717393e+02   1.663027e+03   5.613554e-01
   1.293592e+01   3.652610e+02   1.638419e+03   5.616970e-01
   1.296197e+01   3.584172e+02   1.612076e+03   5.619461e-01
   1.298808e+01   3.512833e+02   1.584237e+03   5.621090e-01
   1.301423e+01   3.439203e+02   1.555219e+03   5.621896e-01
   1.304044e+01   3.364316e+02   1.525281e+03   5.622000e-01
   1.306671e+01   3.289358e+02   1.494725e+03   5.621540e-01
   1.309302e+01   3.214929e+02   1.463811e+03   5.620640e-01
   1.311939e+01   3.141896e+02   1.432810e+03   5.619434e-01
   1.314581e+01   3.070870e+02   1.401915e+03   5.618064e-01
   1.317229e+01   3.002221e+02   1.371324e+03   5.616635e-01
   1.319882e+01   2.936412e+02   1.341138e+03   5.615289e-01
   1.322540e+01   2.873446e+02   1.311503e+03   5.614095e-01
   1.325203e+01   2.813850e+02   1.282449e+03   5.613214e-01
   1.327872e+01   2.757433e+02   1.254044e+03   5.612703e-01
   1.330546e+01   2.704277e+02   1.226334e+03   5.612648e-01
   1.333226e+01   2.654403e+02   1.199316e+03   5.613127e-01
   1.335911e+01   2.607712e+02   1.172975e+03   5.614211e-01
   1.338602e+01   2.563876e+02   1.147322e+03   5.615921e-01
   1.341297e+01   2.523044e+02   1.122327e+03   5.618330e-01
   1.343999e+01   2.484990e+02   1.097964e+03   5.621461e-01
   1.346706e+01   2.449632e+02   1.074203e+03   5.625364e-01
   1.349418e+01   2.416789e+02   1.051011e+03   5.630045e-01
   1.352135e+01   2.386418e+02   1.028349e+03   5.635535e-01
   1.354859e+01   2.358121e+02   1.006191e+03   5.641817e-01
   1.357587e+01   2.331976e+02   9.845195e+02   5.648903e-01
   1.360321e+01   2.307985e+02   9.632613e+02   5.656833e-01
   1.363061e+01   2.285749e+02   9.424077e+02   5.665561e-01
   1.365806e+01   2.265179e+02   9.219392e+02   5.675066e-01
   1.368557e+01   2.246453e+02   9.018041e+02   5.685379e-01
   1.371313e+01   2.229110e+02   8.819977e+02   5.696428e-01
   1.374075e+01   2.213276e+02   8.624616e+02   5.708241e-01
   1.376842e+01   2.198797e+02   8.432046e+02   5.720752e-01
   1.379615e+01   2.185566e+02   8.241928e+02   5.733947e-01
   1.382393e+01   2.173584e+02   8.053977e+02   5.747802e-01
   1.385177e+01   2.162629e+02   7.868122e+02   5.762263e-01
   1.387967e+01   2.152796e+02   7.684301e+02   5.777292e-01
   1.390762e+01   2.143977e+02   7.502225e+02   5.792859e-01
   1.393563e+01   2.135916e+02   7.322048e+02   5.808886e-01
   1.396370e+01   2.128983e+02   7.143372e+02   5.825380e-01
   1.399182e+01   2.122775e+02   6.966440e+02   5.842242e-01
   1.402000e+01   2.117328e+02   6.790997e+02   5.859452e-01
   1.404824e+01   2.112711e+02   6.617087e+02   5.876956e-01
   1.407653e+01   2.108852e+02   6.444776e+02   5.894695e-01
   1.410488e+01   2.105791e+02   6.274051e+02   5.912624e-01
   1.413328e+01   2.103310e+02   6.105099e+02   5.930662e-01
   1.416175e+01   2.101596e+02   5.937736e+02   5.948798e-01
   1.419027e+01   2.100500e+02   5.772285e+02   5.966940e-01
   1.421885e+01   2.100072e+02   5.608650e+02   5.985063e-01
   1.424748e+01   2.100506e+02   5.446863e+02   6.003130e-01
   1.427618e+01   2.101488e+02   5.287234e+02   6.021054e-01
   1.430493e+01   2.103044e+02   5.129812e+02   6.038797e-01
   1.433374e+01   2.105528e+02   4.974576e+02   6.056339e-01
   1.436261e+01   2.108797e+02   4.821749e+02   6.073619e-01
   1.439153e+01   2.112567e+02   4.671499e+02   6.090576e-01
   1.442052e+01   2.117388e+02   4.523749e+02   6.107210e-01
   1.444956e+01   2.122826e+02   4.378719e+02   6.123459e-01
   1.447866e+01   2.129375e+02   4.236597e+02   6.139285e-01
   1.450782e+01   2.136709e+02   4.097430e+02   6.154659e-01
   1.453704e+01   2.144892e+02   3.961263e+02   6.169555e-01
   1.456631e+01   2.154187e+02   3.828284e+02   6.183938e-01
   1.459565e+01   2.164533e+02   3.698550e+02   6.197782e-01
   1.462504e+01   2.175906e+02   3.572246e+02   6.211048e-01
   1.465450e+01   2.188603e+02   3.449326e+02   6.223735e-01
   1.468401e+01   2.202359e+02   3.329945e+02   6.235804e-01
   1.471358e+01   2.217646e+02   3.214199e+02   6.247238e-01
   1.474322e+01   2.234231e+02   3.102208e+02   6.257999e-01
   1.477291e+01   2.252401e+02   2.994001e+02   6.268080e-01
   1.480266e+01   2.272153e+02   2.889712e+02   6.277435e-01
   1.483247e+01   2.293631e+02   2.789439e+02   6.286041e-01
   1.486234e+01   2.316873e+02   2.693280e+02   6.293859e-01
   1.489228e+01   2.342173e+02   2.601290e+02   6.300851e-01
   1.492227e+01   2.369519e+02   2.513579e+02   6.306970e-01
   1.495232e+01   2.399202e+02   2.430312e+02   6.312143e-01
   1.498243e+01   2.431283e+02   2.351540e+02   6.316303e-01
   1.501261e+01   2.465898e+02   2.277352e+02   6.319365e-01
   1.504284e+01   2.503362e+02   2.207944e+02   6.321206e-01
   1.507314e+01   2.543899e+02   2.143488e+02   6.321679e-01
   1.510350e+01   2.587531e+02   2.084020e+02   6.320629e-01
   1.513391e+01   2.634648e+02   2.029661e+02   6.317852e-01
   1.516439e+01   2.685530e+02   1.980710e+02   6.313074e-01
   1.519493e+01   2.740094e+02   1.937105e+02   6.306020e-01
   1.522553e+01   2.798781e+02   1.899104e+02   6.296318e-01
   1.525620e+01   2.861831e+02   1.866791e+02   6.283554e-01
   1.528692e+01   2.928864e+02   1.840083e+02   6.267302e-01
   1.531771e+01   3.000588e+02   1.819145e+02   6.246998e-01
   1.534856e+01   3.076297e+02   1.803692e+02   6.222164e-01
   1.537947e+01   3.155655e+02   1.793508e+02   6.192328e-01
   1.541044e+01   3.238373e+02   1.788323e+02   6.157050e-01
   1.544148e+01   3.323964e+02   1.787581e+02   6.116060e-01
   1.547258e+01   3.410621e+02   1.790415e+02   6.069458e-01
   1.550374e+01   3.497499e+02   1.795942e+02   6.017627e-01
   1.553496e+01   3.583058e+02   1.803096e+02   5.961335e-01
   1.556625e+01   3.665867e+02   1.810766e+02   5.901811e-01
   1.559760e+01   3.744251e+02   1.817961e+02   5.840535e-01
   1.562901e+01   3.817484e+02   1.823599e+02   5.779483e-01
   1.566049e+01   3.884615e+02   1.827313e+02   5.720423e-01
   1.569203e+01   3.945468e+02   1.829159e+02   5.664961e-01
   1.572363e+01   4.000865e+02   1.829610e+02   5.614620e-01
   1.575530e+01   4.052138e+02   1.829728e+02   5.570569e-01
   1.578703e+01   4.101196e+02   1.831036e+02   5.533405e-01
   1.581882e+01   4.150105e+02   1.835351e+02   5.503240e-01
   1.585068e+01   4.201424e+02   1.844294e+02   5.480180e-01
   1.588260e+01   4.257503e+02   1.859433e+02   5.463820e-01
   1.591459e+01   4.319827e+02   1.882104e+02   5.453178e-01
   1.594664e+01   4.389679e+02   1.913126e+02   5.447399e-01
   1.597876e+01   4.468106e+02   1.952889e+02   5.445606e-01
   1.601094e+01   4.554942e+02   2.001352e+02   5.446548e-01
   1.604318e+01   4.649441e+02   2.058192e+02   5.449006e-01
   1.607549e+01   4.750758e+02   2.122813e+02   5.451938e-01
   1.610787e+01   4.857588e+02   2.194345e+02   5.454341e-01
   1.614031e+01   4.968136e+02   2.271668e+02   5.455302e-01
   1.617281e+01   5.080372e+02   2.353501e+02   5.454045e-01
   1.620539e+01   5.192536e+02   2.438509e+02   5.450053e-01
   1.623802e+01   5.302817e+02   2.525122e+02   5.442937e-01
   1.627073e+01   5.409355e+02   2.611670e+02   5.432450e-01
   1.630349e+01   5.510156e+02   2.696615e+02   5.418475e-01
   1.633633e+01   5.603674e+02   2.778517e+02   5.401043e-01
   1.636923e+01   5.688894e+02   2.855369e+02   5.380357e-01
   1.640220e+01   5.764568e+02   2.925729e+02   5.356714e-01
   1.643523e+01   5.830108e+02   2.988852e+02   5.330518e-01
   1.646833e+01   5.885255e+02   3.044036e+02   5.302296e-01
   1.650150e+01   5.930408e+02   3.090339e+02   5.272756e-01
   1.653473e+01   5.966240e+02   3.126513e+02   5.242836e-01
   1.656803e+01   5.994008e+02   3.153328e+02   5.213355e-01
   1.660140e+01   6.015312e+02   3.171848e+02   5.185167e-01
   1.663483e+01   6.031884e+02   3.182527e+02   5.159272e-01
   1.666833e+01   6.045601e+02   3.185549e+02   5.136770e-01
   1.670190e+01   6.058493e+02   3.181520e+02   5.118706e-01
   1.673554e+01   6.071958e+02   3.172262e+02   5.105589e-01
   1.676924e+01   6.087093e+02   3.159564e+02   5.097637e-01
   1.680302e+01   6.104613e+02   3.143476e+02   5.095337e-01
   1.683686e+01   6.124891e+02   3.124478e+02   5.098746e-01
   1.687076e+01   6.147489e+02   3.102865e+02   5.107645e-01
   1.690474e+01   6.171797e+02   3.078554e+02   5.121692e-01
   1.693879e+01   6.196602e+02   3.052298e+02   5.140033e-01
   1.697290e+01   6.220891e+02   3.023304e+02   5.162276e-01
   1.700708e+01   6.243523e+02   2.990964e+02   5.187883e-01
   1.704133e+01   6.263792e+02   2.954763e+02   5.216348e-01
   1.707566e+01   6.281205e+02   2.914395e+02   5.247212e-01
   1.711004e+01   6.295575e+02   2.870411e+02   5.279913e-01
   1.714450e+01   6.307071e+02   2.822841e+02   5.314205e-01
   1.717903e+01   6.316827e+02   2.772113e+02   5.349708e-01
   1.721363e+01   6.327038e+02   2.718649e+02   5.386006e-01
   1.724830e+01   6.338753e+02   2.663676e+02   5.422310e-01
   1.728303e+01   6.353422e+02   2.608256e+02   5.457660e-01
   1.731784e+01   6.372522e+02   2.553687e+02   5.490763e-01
   1.735272e+01   6.397336e+02   2.501185e+02   5.520166e-01
   1.738767e+01   6.429134e+02   2.452116e+02   5.544272e-01
   1.742268e+01   6.470019e+02   2.407998e+02   5.561455e-01
   1.745777e+01   6.520881e+02   2.369990e+02   5.570424e-01
   1.749293e+01   6.581587e+02   2.338901e+02   5.570307e-01
   1.752816e+01   6.652716e+02   2.315407e+02   5.560580e-01
   1.756346e+01   6.733816e+02   2.299669e+02   5.541244e-01
   1.759883e+01   6.824417e+02   2.291567e+02   5.512723e-01
   1.763428e+01   6.923742e+02   2.290526e+02   5.475872e-01
   1.766979e+01   7.029254e+02   2.295352e+02   5.431983e-01
   1.770538e+01   7.139801e+02   2.304703e+02   5.382561e-01
   1.774104e+01   7.251411e+02   2.316755e+02   5.329401e-01
   1.777677e+01   7.360773e+02   2.329776e+02   5.274283e-01
   1.781257e+01   7.464984e+02   2.342256e+02   5.219024e-01
   1.784844e+01   7.561446e+02   2.353126e+02   5.165321e-01
   1.788439e+01   7.648375e+02   2.361894e+02   5.114752e-01
   1.792041e+01   7.724942e+02   2.369000e+02   5.068601e-01
   1.795650e+01   7.792441e+02   2.375731e+02   5.028183e-01
   1.799266e+01   7.851676e+02   2.384315e+02   4.993895e-01
   1.802890e+01   7.906051e+02   2.397560e+02   4.966267e-01
   1.806521e+01   7.958903e+02   2.418519e+02   4.945231e-01
   1.810159e+01   8.014361e+02   2.450298e+02   4.930502e-01
   1.813804e+01   8.076315e+02   2.495479e+02   4.921532e-01
   1.817457e+01   8.148181e+02   2.555917e+02   4.917670e-01
   1.821118e+01   8.232480e+02   2.632470e+02   4.918280e-01
   1.824785e+01   8.329904e+02   2.724541e+02   4.922687e-01
   1.828460e+01   8.439981e+02   2.830377e+02   4.930401e-01
   1.832143e+01   8.560182e+02   2.947183e+02   4.940582e-01
   1.835833e+01   8.687643e+02   3.071851e+02   4.952326e-01
   1.839530e+01   8.820089e+02   3.202177e+02   4.964359e-01
   1.843235e+01   8.957198e+02   3.337642e+02   4.975362e-01
   1.846947e+01   9.100725e+02   3.479479e+02   4.984096e-01
   1.850666e+01   9.253841e+02   3.629983e+02   4.989643e-01
   1.854394e+01   9.419701e+02   3.791599e+02   4.991535e-01
   1.858128e+01   9.600117e+02   3.965679e+02   4.989745e-01
   1.861870e+01   9.794389e+02   4.151897e+02   4.984604e-01
   1.865620e+01   1.000171e+03   4.349160e+02   4.976611e-01
   1.869377e+01   1.021775e+03   4.554938e+02   4.966416e-01
   1.873142e+01   1.043957e+03   4.766699e+02   4.954629e-01
   1.876915e+01   1.066372e+03   4.981718e+02   4.941814e-01
   1.880695e+01   1.088669e+03   5.197581e+02   4.928400e-01
   1.884482e+01   1.110603e+03   5.412153e+02   4.914712e-01
   1.888278e+01   1.131957e+03   5.623552e+02   4.900941e-01
   1.892080e+01   1.152558e+03   5.830144e+02   4.887170e-01
   1.895891e+01   1.172266e+03   6.030504e+02   4.873399e-01
   1.899709e+01   1.190979e+03   6.223354e+02   4.859580e-01
   1.903535e+01   1.208618e+03   6.407613e+02   4.845647e-01
   1.907369e+01   1.225132e+03   6.582436e+02   4.831533e-01
   1.911210e+01   1.240483e+03   6.747069e+02   4.817187e-01
   1.915059e+01   1.254644e+03   6.900849e+02   4.802568e-01
   1.918916e+01   1.267584e+03   7.043548e+02   4.787603e-01
   1.922781e+01   1.279265e+03   7.174545e+02   4.772228e-01
   1.926653e+01   1.289636e+03   7.292948e+02   4.756348e-01
   1.930533e+01   1.298631e+03   7.399561e+02   4.739701e-01
   1.934421e+01   1.306177e+03   7.494530e+02   4.722034e-01
   1.938317e+01   1.312212e+03   7.577729e+02   4.703072e-01
   1.942221e+01   1.316723e+03   7.648976e+02   4.682500e-01
   1.946132e+01   1.319743e+03   7.709573e+02   4.660008e-01
   1.950052e+01   1.321372e+03   7.760664e+02   4.635370e-01
   1.953979e+01   1.321773e+03   7.803594e+02   4.608483e-01
   1.957914e+01   1.321166e+03   7.839925e+02   4.579405e-01
   1.961857e+01   1.319805e+03   7.871262e+02   4.548368e-01
   1.965808e+01   1.317944e+03   7.898990e+02   4.515784e-01
   1.969768e+01   1.315816e+03   7.924126e+02   4.482208e-01
   1.973735e+01   1.313602e+03   7.947144e+02   4.448287e-01
   1.977710e+01   1.311417e+03   7.967910e+02   4.414689e-01
   1.981693e+01   1.309294e+03   7.985556e+02   4.382070e-01
   1.985684e+01   1.307192e+03   7.998496e+02   4.351035e-01
   1.989683e+01   1.304995e+03   8.004612e+02   4.322113e-01
   1.993690e+01   1.302540e+03   8.001290e+02   4.295765e-01
   1.997705e+01   1.299643e+03   7.985835e+02   4.272370e-01
   2.001728e+01   1.296127e+03   7.955702e+02   4.252233e-01
   2.005760e+01   1.291848e+03   7.908943e+02   4.235545e-01
   2.009799e+01   1.286709e+03   7.844484e+02   4.222361e-01
   2.013847e+01   1.280667e+03   7.762313e+02   4.212549e-01
   2.017903e+01   1.273733e+03   7.663658e+02   4.205746e-01
   2.021967e+01   1.265967e+03   7.550911e+02   4.201361e-01
   2.026039e+01   1.257467e+03   7.427441e+02   4.198625e-01
   2.030119e+01   1.248359e+03   7.297080e+02   4.196745e-01
   2.034208e+01   1.238770e+03   7.162813e+02   4.195315e-01
   2.038304e+01   1.228826e+03   7.024516e+02   4.195052e-01
   2.042409e+01   1.218672e+03   6.876910e+02   4.198552e-01
   2.046523e+01   1.208498e+03   6.711264e+02   4.209819e-01
   2.050644e+01   1.198454e+03   6.521738e+02   4.231795e-01
   2.054774e+01   1.188568e+03   6.310612e+02   4.263954e-01
   2.058912e+01   1.178812e+03   6.086649e+02   4.302885e-01
   2.063059e+01   1.169206e+03   5.859006e+02   4.344938e-01
   2.067214e+01   1.159820e+03   5.633880e+02   4.387626e-01
   2.071377e+01   1.150741e+03   5.414844e+02   4.429409e-01
   2.075549e+01   1.142057e+03   5.204091e+02   4.469144e-01
   2.079729e+01   1.133871e+03   5.003581e+02   4.505706e-01
   2.083917e+01   1.126302e+03   4.815549e+02   4.537903e-01
   2.088114e+01   1.119430e+03   4.642079e+02   4.564709e-01
   2.092320e+01   1.113420e+03   4.486085e+02   4.585064e-01
   2.096534e+01   1.108386e+03   4.350227e+02   4.598311e-01
   2.100756e+01   1.104217e+03   4.234756e+02   4.604675e-01
   2.104987e+01   1.100952e+03   4.141157e+02   4.604366e-01
   2.109226e+01   1.098463e+03   4.068690e+02   4.598396e-01
   2.113474e+01   1.096421e+03   4.013138e+02   4.588449e-01
   2.117730e+01   1.094615e+03   3.970642e+02   4.576245e-01
   2.121995e+01   1.092801e+03   3.935645e+02   4.563588e-01
   2.126269e+01   1.090801e+03   3.902885e+02   4.551952e-01
   2.130551e+01   1.088542e+03   3.868301e+02   4.542212e-01
   2.134842e+01   1.086033e+03   3.829457e+02   4.534460e-01
   2.139141e+01   1.083351e+03   3.785746e+02   4.527982e-01
   2.143450e+01   1.080642e+03   3.738293e+02   4.521423e-01
   2.147766e+01   1.078108e+03   3.689576e+02   4.513069e-01
   2.152092e+01   1.075976e+03   3.642732e+02   4.501231e-01
   2.156426e+01   1.074469e+03   3.601021e+02   4.484575e-01
   2.160769e+01   1.073802e+03   3.567500e+02   4.462327e-01
   2.165121e+01   1.074114e+03   3.544397e+02   4.434353e-01
   2.169481e+01   1.075538e+03   3.533223e+02   4.401032e-01
   2.173850e+01   1.078028e+03   3.534552e+02   4.363297e-01
   2.178228e+01   1.081708e+03   3.548623e+02   4.322184e-01
   2.182615e+01   1.086342e+03   3.574497e+02   4.279083e-01
   2.187011e+01   1.091901e+03   3.611388e+02   4.235243e-01
   2.191415e+01   1.098243e+03   3.658060e+02   4.191848e-01
   2.195829e+01   1.105283e+03   3.713522e+02   4.149925e-01
   2.200251e+01   1.112931e+03   3.776739e+02   4.110281e-01
   2.204682e+01   1.121117e+03   3.846939e+02   4.073483e-01
   2.209123e+01   1.129787e+03   3.923566e+02   4.039849e-01
   2.213572e+01   1.138892e+03   4.006237e+02   4.009443e-01
   2.218030e+01   1.148398e+03   4.094863e+02   3.982111e-01
   2.222497e+01   1.158271e+03   4.189249e+02   3.957535e-01
   2.226973e+01   1.168441e+03   4.289783e+02   3.935173e-01
   2.231458e+01   1.178889e+03   4.395914e+02   3.914540e-01
   2.235952e+01   1.189488e+03   4.508887e+02   3.894787e-01
   2.240455e+01   1.200138e+03   4.629275e+02   3.875154e-01
   2.244967e+01   1.210763e+03   4.757957e+02   3.854882e-01
   2.249488e+01   1.221260e+03   4.895749e+02   3.833249e-01
   2.254019e+01   1.231565e+03   5.043922e+02   3.809586e-01
   2.258558e+01   1.241599e+03   5.203580e+02   3.783354e-01
   2.263107e+01   1.251332e+03   5.376278e+02   3.754124e-01
   2.267664e+01   1.260757e+03   5.563415e+02   3.721619e-01
   2.272231e+01   1.269875e+03   5.766629e+02   3.685725e-01
   2.276808e+01   1.278688e+03   5.987151e+02   3.646530e-01
   2.281393e+01   1.287183e+03   6.225861e+02   3.604286e-01
   2.285988e+01   1.295349e+03   6.483163e+02   3.559374e-01
   2.290591e+01   1.303167e+03   6.758947e+02   3.512257e-01
   2.295205e+01   1.310629e+03   7.053086e+02   3.463419e-01
   2.299827e+01   1.317707e+03   7.364842e+02   3.413381e-01
   2.304459e+01   1.324401e+03   7.693387e+02   3.362633e-01
   2.309100e+01   1.330736e+03   8.037893e+02   3.311621e-01
   2.313750e+01   1.336687e+03   8.396821e+02   3.260739e-01
   2.318410e+01   1.342153e+03   8.767993e+02   3.210296e-01
   2.323079e+01   1.347077e+03   9.149567e+02   3.160487e-01
   2.327758e+01   1.351405e+03   9.539611e+02   3.111419e-01
   2.332446e+01   1.355074e+03   9.936281e+02   3.063096e-01
   2.337143e+01   1.358004e+03   1.033757e+03   3.015455e-01
   2.341850e+01   1.360131e+03   1.074136e+03   2.968369e-01
   2.346567e+01   1.361407e+03   1.114515e+03   2.921646e-01
   2.351292e+01   1.361642e+03   1.154608e+03   2.875151e-01
   2.356028e+01   1.360735e+03   1.194166e+03   2.828729e-01
   2.360773e+01   1.358614e+03   1.232926e+03   2.782266e-01
   2.365527e+01   1.355234e+03   1.270639e+03   2.735674e-01
   2.370291e+01   1.350581e+03   1.307057e+03   2.688912e-01
   2.375065e+01   1.344693e+03   1.341842e+03   2.641969e-01
   2.379848e+01   1.337639e+03   1.374611e+03   2.594881e-01
   2.384641e+01   1.329461e+03   1.405260e+03   2.547725e-01
   2.389444e+01   1.320261e+03   1.433605e+03   2.500568e-01
   2.394256e+01   1.310155e+03   1.459480e+03   2.453476e-01
   2.399078e+01   1.299268e+03   1.482751e+03   2.406515e-01
   2.403909e+01   1.287740e+03   1.503262e+03   2.359759e-01
   2.408751e+01   1.275846e+03   1.520359e+03   2.313423e-01
   2.413602e+01   1.263678e+03   1.534306e+03   2.267564e-01
   2.418463e+01   1.251365e+03   1.545198e+03   2.222249e-01
   2.423333e+01   1.239057e+03   1.553064e+03   2.177575e-01
   2.428214e+01   1.226901e+03   1.557977e+03   2.133647e-01
   2.433104e+01   1.215085e+03   1.559951e+03   2.090635e-01
   2.438004e+01   1.204194e+03   1.558005e+03   2.049320e-01
   2.442914e+01   1.194139e+03   1.553195e+03   2.009564e-01
   2.447834e+01   1.185034e+03   1.545899e+03   1.971527e-01
   2.452764e+01   1.177034e+03   1.536390e+03   1.935455e-01
   2.457704e+01   1.170280e+03   1.524940e+03   1.901616e-01
   2.462654e+01   1.165183e+03   1.511222e+03   1.870775e-01
   2.467613e+01   1.162067e+03   1.495129e+03   1.843649e-01
   2.472583e+01   1.160431e+03   1.478026e+03   1.819596e-01
   2.477563e+01   1.160195e+03   1.460184e+03   1.798683e-01
   2.482552e+01   1.161237e+03   1.441814e+03   1.780901e-01
   2.487552e+01   1.163518e+03   1.422916e+03   1.766379e-01
   2.492562e+01   1.166968e+03   1.403668e+03   1.755142e-01
   2.497582e+01   1.171033e+03   1.384962e+03   1.746184e-01
   2.502612e+01   1.175371e+03   1.367313e+03   1.738747e-01
   2.507652e+01   1.179795e+03   1.351129e+03   1.732246e-01
   2.512702e+01   1.184204e+03   1.336893e+03   1.726185e-01
   2.517763e+01   1.188673e+03   1.325273e+03   1.720568e-01
   2.522833e+01   1.193051e+03   1.316534e+03   1.715129e-01
   2.527914e+01   1.197305e+03   1.310510e+03   1.709957e-01
   2.533005e+01   1.201495e+03   1.306914e+03   1.705542e-01
   2.538107e+01   1.205727e+03   1.305269e+03   1.702782e-01
   2.543218e+01   1.210550e+03   1.304186e+03   1.705016e-01
   2.548340e+01   1.215453e+03   1.303077e+03   1.711115e-01
   2.553472e+01   1.220362e+03   1.301451e+03   1.721460e-01
   2.558615e+01   1.225349e+03   1.298804e+03   1.736814e-01
   2.563768e+01   1.230666e+03   1.294431e+03   1.758417e-01
   2.568931e+01   1.236658e+03   1.287447e+03   1.787430e-01
   2.574105e+01   1.243127e+03   1.278589e+03   1.822589e-01
   2.579289e+01   1.250170e+03   1.267725e+03   1.864304e-01
   2.584484e+01   1.257767e+03   1.254747e+03   1.912759e-01
   2.589689e+01   1.265912e+03   1.239017e+03   1.968119e-01
   2.594904e+01   1.274187e+03   1.221008e+03   2.029229e-01
   2.600130e+01   1.282211e+03   1.201070e+03   2.095255e-01
   2.605367e+01   1.289656e+03   1.179258e+03   2.165340e-01
   2.610614e+01   1.296189e+03   1.155614e+03   2.238014e-01
   2.615871e+01   1.301428e+03   1.130432e+03   2.310498e-01
   2.621140e+01   1.305114e+03   1.104343e+03   2.381625e-01
   2.626419e+01   1.307073e+03   1.077668e+03   2.449528e-01
   2.631708e+01   1.307180e+03   1.050814e+03   2.511914e-01
   2.637008e+01   1.305336e+03   1.024548e+03   2.564672e-01
   2.642319e+01   1.301636e+03   9.992576e+02   2.607435e-01
   2.647640e+01   1.296219e+03   9.752156e+02   2.639540e-01
   2.652973e+01   1.289254e+03   9.527222e+02   2.660125e-01
   2.658316e+01   1.280950e+03   9.325880e+02   2.666259e-01
   2.663669e+01   1.271605e+03   9.146570e+02   2.659947e-01
   2.669034e+01   1.261492e+03   8.987311e+02   2.642900e-01
   2.674409e+01   1.250877e+03   8.847730e+02   2.616055e-01
   2.679795e+01   1.240132e+03   8.731669e+02   2.579089e-01
   2.685192e+01   1.229552e+03   8.634547e+02   2.534918e-01
   2.690600e+01   1.219331e+03   8.552350e+02   2.485809e-01
   2.696019e+01   1.209665e+03   8.484003e+02   2.432948e-01
   2.701449e+01   1.201021e+03   8.431138e+02   2.377404e-01
   2.706889e+01   1.193513e+03   8.390169e+02   2.321265e-01
   2.712341e+01   1.187098e+03   8.359375e+02   2.265402e-01
   2.717803e+01   1.181835e+03   8.339055e+02   2.210299e-01
   2.723277e+01   1.178210e+03   8.330185e+02   2.157722e-01
   2.728761e+01   1.175967e+03   8.331499e+02   2.107844e-01
   2.734257e+01   1.174858e+03   8.343251e+02   2.060178e-01
   2.739764e+01   1.174866e+03   8.366107e+02   2.014856e-01
   2.745281e+01   1.176428e+03   8.400209e+02   1.974113e-01
   2.750810e+01   1.178880e+03   8.445375e+02   1.935905e-01
   2.756350e+01   1.182023e+03   8.501891e+02   1.899671e-01
   2.761901e+01   1.185905e+03   8.569510e+02   1.866090e-01
   2.767464e+01   1.190597e+03   8.646936e+02   1.836467e-01
   2.773037e+01   1.195500e+03   8.734377e+02   1.808275e-01
   2.778622e+01   1.200516e+03   8.831134e+02   1.781481e-01
   2.784218e+01   1.205724e+03   8.934785e+02   1.757678e-01
   2.789825e+01   1.210812e+03   9.044187e+02   1.735953e-01
   2.795444e+01   1.215543e+03   9.158936e+02   1.715256e-01
   2.801074e+01   1.219835e+03   9.277410e+02   1.695804e-01
   2.806715e+01   1.223613e+03   9.394800e+02   1.679256e-01
   2.812368e+01   1.226636e+03   9.512451e+02   1.663597e-01
   2.818032e+01   1.228836e+03   9.628902e+02   1.648938e-01
   2.823707e+01   1.230124e+03   9.740375e+02   1.636184e-01
   2.829394e+01   1.230406e+03   9.845286e+02   1.625172e-01
   2.835092e+01   1.229694e+03   9.944545e+02   1.615345e-01
   2.840802e+01   1.228004e+03   1.003669e+03   1.607078e-01
   2.846523e+01   1.225302e+03   1.011643e+03   1.601355e-01
   2.852256e+01   1.221743e+03   1.018734e+03   1.597360e-01
   2.858000e+01   1.217436e+03   1.024909e+03   1.595370e-01
   2.863756e+01   1.212455e+03   1.029745e+03   1.596048e-01
   2.869523e+01   1.206958e+03   1.033364e+03   1.599161e-01
   2.875302e+01   1.201099e+03   1.035985e+03   1.604612e-01
   2.881093e+01   1.194980e+03   1.037428e+03   1.612590e-01
   2.886896e+01   1.188732e+03   1.037415e+03   1.623111e-01
   2.892710e+01   1.182465e+03   1.036458e+03   1.635847e-01
   2.898535e+01   1.176245e+03   1.034560e+03   1.650713e-01
   2.904373e+01   1.170203e+03   1.031219e+03   1.667577e-01
   2.910222e+01   1.164370e+03   1.027038e+03   1.686159e-01
   2.916083e+01   1.158746e+03   1.022192e+03   1.706235e-01
   2.921956e+01   1.153499e+03   1.016146e+03   1.727547e-01
   2.927841e+01   1.148604e+03   1.009394e+03   1.749903e-01
   2.933737e+01   1.143991e+03   1.002237e+03   1.773052e-01
   2.939646e+01   1.139832e+03   9.943126e+02   1.796781e-01
   2.945566e+01   1.136151e+03   9.858094e+02   1.820979e-01
   2.951498e+01   1.132773e+03   9.771680e+02   1.845428e-01
   2.957442e+01   1.129855e+03   9.681495e+02   1.870059e-01
   2.963399e+01   1.127517e+03   9.587158e+02   1.894911e-01
   2.969367e+01   1.125472e+03   9.493570e+02   1.919790e-01
   2.975347e+01   1.123858e+03   9.399048e+02   1.944794e-01
   2.981339e+01   1.122872e+03   9.301902e+02   1.970192e-01
   2.987343e+01   1.122156e+03   9.206698e+02   1.995796e-01
   2.993360e+01   1.121821e+03   9.112031e+02   2.021866e-01
   2.999388e+01   1.122074e+03   9.015730e+02   2.048827e-01
   3.005429e+01   1.122553e+03   8.921565e+02   2.076515e-01
   3.011482e+01   1.123337e+03   8.828222e+02   2.105301e-01
   3.017547e+01   1.124586e+03   8.733551e+02   2.135684e-01
   3.023624e+01   1.125983e+03   8.640386e+02   2.167530e-01
   3.029713e+01   1.127573e+03   8.547424e+02   2.201234e-01
   3.035815e+01   1.129444e+03   8.452855e+02   2.237196e-01
   3.041929e+01   1.131342e+03   8.358704e+02   2.275314e-01
   3.048055e+01   1.133277e+03   8.263703e+02   2.315889e-01
   3.054194e+01   1.135266e+03   8.166467e+02   2.359087e-01
   3.060345e+01   1.137108e+03   8.068410e+02   2.404811e-01
   3.066508e+01   1.138777e+03   7.968395e+02   2.453122e-01
   3.072684e+01   1.140241e+03   7.865553e+02   2.503871e-01
   3.078872e+01   1.141322e+03   7.760883e+02   2.556935e-01
   3.085073e+01   1.141993e+03   7.653407e+02   2.612061e-01
   3.091286e+01   1.142215e+03   7.542908e+02   2.668874e-01
   3.097512e+01   1.141829e+03   7.430179e+02   2.727191e-01
   3.103750e+01   1.140883e+03   7.314548e+02   2.786464e-01
   3.110001e+01   1.139353e+03   7.196328e+02   2.846338e-01
   3.116264e+01   1.137126e+03   7.076186e+02   2.906635e-01
   3.122540e+01   1.134414e+03   6.953747e+02   2.966650e-01
   3.128829e+01   1.131164e+03   6.829783e+02   3.026271e-01
   3.135130e+01   1.127325e+03   6.704813e+02   3.085374e-01
   3.141444e+01   1.123320e+03   6.578615e+02   3.143196e-01
   3.147771e+01   1.118945e+03   6.452127e+02   3.199984e-01
   3.154111e+01   1.114286e+03   6.325626e+02   3.255550e-01
   3.160463e+01   1.109795e+03   6.199189e+02   3.309291e-01
   3.166828e+01   1.105159e+03   6.073494e+02   3.361556e-01
   3.173206e+01   1.100649e+03   5.948754e+02   3.411941e-01
   3.179596e+01   1.096526e+03   5.825377e+02   3.460021e-01
   3.186000e+01   1.092474e+03   5.703674e+02   3.506096e-01
   3.192416e+01   1.089005e+03   5.584122e+02   3.549333e-01
   3.198846e+01   1.086005e+03   5.467153e+02   3.589661e-01
   3.205288e+01   1.083272e+03   5.352861e+02   3.627168e-01
   3.211743e+01   1.081599e+03   5.242439e+02   3.660378e-01
   3.218212e+01   1.080368e+03   5.135715e+02   3.689938e-01
   3.224693e+01   1.079804e+03   5.033305e+02   3.715216e-01
   3.231187e+01   1.080389e+03   4.936564e+02   3.735026e-01
   3.237695e+01   1.081492e+03   4.844786e+02   3.750227e-01
   3.244215e+01   1.083784e+03   4.759866e+02   3.759260e-01
   3.250749e+01   1.087055e+03   4.681958e+02   3.762232e-01
   3.257296e+01   1.091005e+03   4.610685e+02   3.759640e-01
   3.263856e+01   1.096556e+03   4.549287e+02   3.749165e-01
   3.270429e+01   1.102819e+03   4.495738e+02   3.732759e-01
   3.277016e+01   1.110177e+03   4.451810e+02   3.709473e-01
   3.283615e+01   1.118827e+03   4.418934e+02   3.678687e-01
   3.290228e+01   1.128100e+03   4.395246e+02   3.642357e-01
   3.296855e+01   1.138824e+03   4.384710e+02   3.598143e-01
   3.303495e+01   1.150251e+03   4.385041e+02   3.548386e-01
   3.310148e+01   1.162383e+03   4.396946e+02   3.493347e-01
   3.316814e+01   1.175614e+03   4.422858e+02   3.431833e-01
   3.323494e+01   1.189063e+03   4.459439e+02   3.367020e-01
   3.330187e+01   1.203317e+03   4.510101e+02   3.297088e-01
   3.336894e+01   1.217809e+03   4.572570e+02   3.224192e-01
   3.343615e+01   1.232266e+03   4.646038e+02   3.149392e-01
   3.350348e+01   1.247200e+03   4.733082e+02   3.071233e-01
   3.357096e+01   1.261611e+03   4.829019e+02   2.993107e-01
   3.363857e+01   1.276080e+03   4.936588e+02   2.913383e-01
   3.370632e+01   1.290116e+03   5.053084e+02   2.833963e-01
   3.377420e+01   1.303420e+03   5.176855e+02   2.755378e-01
   3.384222e+01   1.316639e+03   5.310517e+02   2.677344e-01
   3.391038e+01   1.328695e+03   5.448423e+02   2.601496e-01
   3.397867e+01   1.340370e+03   5.594019e+02   2.527850e-01
   3.404710e+01   1.350958e+03   5.743268e+02   2.457889e-01
   3.411567e+01   1.360481e+03   5.895913e+02   2.390605e-01
   3.418438e+01   1.368924e+03   6.051127e+02   2.331108e-01
   3.425322e+01   1.375947e+03   6.206631e+02   2.273557e-01
   3.432221e+01   1.381465e+03   6.359830e+02   2.228645e-01
   3.439133e+01   1.385407e+03   6.509283e+02   2.189066e-01
   3.446059e+01   1.387970e+03   6.654036e+02   2.158942e-01
   3.452999e+01   1.388671e+03   6.787353e+02   2.142764e-01
   3.459954e+01   1.388853e+03   6.919620e+02   2.130119e-01
   3.466922e+01   1.386551e+03   7.030019e+02   2.140004e-01
   3.473904e+01   1.383971e+03   7.139494e+02   2.152643e-01
   3.480900e+01   1.379365e+03   7.231229e+02   2.180370e-01
   3.487911e+01   1.373561e+03   7.312866e+02   2.213677e-01
   3.494935e+01   1.366271e+03   7.384037e+02   2.253626e-01
   3.501974e+01   1.356923e+03   7.433890e+02   2.296142e-01
   3.509027e+01   1.346576e+03   7.479924e+02   2.339800e-01
   3.516094e+01   1.334466e+03   7.499219e+02   2.379512e-01
   3.523175e+01   1.321788e+03   7.514728e+02   2.416802e-01
   3.530270e+01   1.308625e+03   7.514931e+02   2.448259e-01
   3.537380e+01   1.295577e+03   7.507332e+02   2.475080e-01
   3.544504e+01   1.282771e+03   7.494375e+02   2.497210e-01
   3.551643e+01   1.271026e+03   7.472101e+02   2.515043e-01
   3.558796e+01   1.259723e+03   7.451469e+02   2.529855e-01
   3.565963e+01   1.250132e+03   7.421779e+02   2.542759e-01
   3.573145e+01   1.241162e+03   7.395509e+02   2.554183e-01
   3.580341e+01   1.233632e+03   7.365354e+02   2.565900e-01
   3.587551e+01   1.226984e+03   7.336601e+02   2.578041e-01
   3.594776e+01   1.221296e+03   7.308149e+02   2.591406e-01
   3.602016e+01   1.216526e+03   7.278617e+02   2.607362e-01
   3.609270e+01   1.212243e+03   7.252488e+02   2.624564e-01
   3.616539e+01   1.208664e+03   7.222591e+02   2.646318e-01
   3.623823e+01   1.205206e+03   7.197369e+02   2.669276e-01
   3.631121e+01   1.201960e+03   7.167712e+02   2.697217e-01
   3.638434e+01   1.198534e+03   7.141159e+02   2.726953e-01
   3.645762e+01   1.194797e+03   7.111814e+02   2.760586e-01
   3.653104e+01   1.190523e+03   7.082562e+02   2.796631e-01
   3.660461e+01   1.185546e+03   7.052005e+02   2.835265e-01
   3.667833e+01   1.179645e+03   7.018606e+02   2.876329e-01
   3.675220e+01   1.172777e+03   6.985288e+02   2.918680e-01
   3.682622e+01   1.164699e+03   6.946532e+02   2.962921e-01
   3.690038e+01   1.155526e+03   6.909166e+02   3.007299e-01
   3.697470e+01   1.145050e+03   6.864411e+02   3.052625e-01
   3.704917e+01   1.133460e+03   6.820816e+02   3.097325e-01
   3.712378e+01   1.120745e+03   6.771570e+02   3.141694e-01
   3.719855e+01   1.107042e+03   6.721983e+02   3.184942e-01
   3.727346e+01   1.092491e+03   6.668601e+02   3.227027e-01
   3.734853e+01   1.077239e+03   6.613841e+02   3.267562e-01
   3.742375e+01   1.061449e+03   6.557066e+02   3.306561e-01
   3.749912e+01   1.045323e+03   6.498241e+02   3.343758e-01
   3.757464e+01   1.028925e+03   6.438956e+02   3.379454e-01
   3.765031e+01   1.012559e+03   6.377205e+02   3.413271e-01
   3.772614e+01   9.961087e+02   6.316263e+02   3.445903e-01
   3.780212e+01   9.799809e+02   6.252513e+02   3.476714e-01
   3.787825e+01   9.638638e+02   6.190404e+02   3.506798e-01
   3.795453e+01   9.482374e+02   6.125335e+02   3.535197e-01
   3.803097e+01   9.326705e+02   6.061939e+02   3.563247e-01
   3.810756e+01   9.175646e+02   5.996217e+02   3.589981e-01
   3.818431e+01   9.025316e+02   5.931541e+02   3.616550e-01
   3.826121e+01   8.878319e+02   5.865086e+02   3.642148e-01
   3.833827e+01   8.731537e+02   5.798980e+02   3.667636e-01
   3.841548e+01   8.586219e+02   5.731455e+02   3.692419e-01
   3.849285e+01   8.440176e+02   5.663640e+02   3.717000e-01
   3.857037e+01   8.293623e+02   5.594589e+02   3.741003e-01
   3.864805e+01   8.145225e+02   5.524740e+02   3.764583e-01
   3.872588e+01   7.994405e+02   5.453770e+02   3.787598e-01
   3.880388e+01   7.840875e+02   5.381671e+02   3.809842e-01
   3.888203e+01   7.683410e+02   5.308559e+02   3.831412e-01
   3.896033e+01   7.522841e+02   5.234190e+02   3.851787e-01
   3.903880e+01   7.357368e+02   5.158941e+02   3.871297e-01
   3.911742e+01   7.189052e+02   5.082508e+02   3.889166e-01
   3.919620e+01   7.015517e+02   5.005379e+02   3.905929e-01
   3.927514e+01   6.840182e+02   4.927363e+02   3.920629e-01
   3.935424e+01   6.659998e+02   4.848914e+02   3.933976e-01
   3.943349e+01   6.479535e+02   4.770004e+02   3.944933e-01
   3.951291e+01   6.295082e+02   4.690960e+02   3.954330e-01
   3.959249e+01   6.112274e+02   4.611958e+02   3.961125e-01
   3.967223e+01   5.926672e+02   4.533138e+02   3.966219e-01
   3.975212e+01   5.744585e+02   4.454862e+02   3.968649e-01
   3.983218e+01   5.561010e+02   4.377066e+02   3.969315e-01
   3.991240e+01   5.382702e+02   4.300303e+02   3.967393e-01
   3.999279e+01   5.204174e+02   4.224281e+02   3.963725e-01
   4.007333e+01   5.032257e+02   4.149663e+02   3.957647e-01
   4.015403e+01   4.861205e+02   4.075991e+02   3.949907e-01
   4.023490e+01   4.697661e+02   4.004002e+02   3.940006e-01
   4.031593e+01   4.535847e+02   3.933109e+02   3.928578e-01
   4.039713e+01   4.381973e+02   3.864081e+02   3.915302e-01
   4.047849e+01   4.230459e+02   3.796243e+02   3.900666e-01
   4.056001e+01   4.086941e+02   3.730338e+02   3.884485e-01
   4.064169e+01   3.946208e+02   3.665673e+02   3.867123e-01
   4.072354e+01   3.813261e+02   3.602952e+02   3.848516e-01
   4.080556e+01   3.683371e+02   3.541488e+02   3.828910e-01
   4.088774e+01   3.560813e+02   3.481933e+02   3.808345e-01
   4.097009e+01   3.441456e+02   3.423629e+02   3.786959e-01
   4.105260e+01   3.328844e+02   3.367128e+02   3.764848e-01
   4.113528e+01   3.219496e+02   3.311854e+02   3.742081e-01
   4.121812e+01   3.116224e+02   3.258281e+02   3.718797e-01
   4.130113e+01   3.016216e+02   3.205907e+02   3.695011e-01
   4.138431e+01   2.921617e+02   3.155098e+02   3.670875e-01
   4.146766e+01   2.830261e+02   3.105454e+02   3.646374e-01
   4.155117e+01   2.743629e+02   3.057240e+02   3.621650e-01
   4.163485e+01   2.660185e+02   3.010155e+02   3.596685e-01
   4.171870e+01   2.580800e+02   2.964362e+02   3.571602e-01
   4.180272e+01   2.504538e+02   2.919667e+02   3.546393e-01
   4.188691e+01   2.431741e+02   2.876130e+02   3.521135e-01
   4.197127e+01   2.362020e+02   2.833661e+02   3.495847e-01
   4.205580e+01   2.295177e+02   2.792219e+02   3.470564e-01
   4.214050e+01   2.231333e+02   2.751815e+02   3.445341e-01
   4.222536e+01   2.169865e+02   2.712314e+02   3.420153e-01
   4.231040e+01   2.111362e+02   2.673826e+02   3.395098e-01
   4.239562e+01   2.054755e+02   2.636126e+02   3.370096e-01
   4.248100e+01   2.001033e+02   2.599424e+02   3.345302e-01
   4.256655e+01   1.948791e+02   2.563403e+02   3.320566e-01
   4.265228e+01   1.899391e+02   2.528359e+02   3.296101e-01
   4.273818e+01   1.851115e+02   2.493898e+02   3.271691e-01
   4.282425e+01   1.805603e+02   2.460385e+02   3.247595e-01
   4.291050e+01   1.761040e+02   2.427399e+02   3.223565e-01
   4.299692e+01   1.718904e+02   2.395290e+02   3.199862e-01
   4.308351e+01   1.677755e+02   2.363705e+02   3.176265e-01
   4.317028e+01   1.638602e+02   2.332886e+02   3.152967e-01
   4.325722e+01   1.600552e+02   2.302609e+02   3.129827e-01
   4.334434e+01   1.564090e+02   2.272993e+02   3.106952e-01
   4.343163e+01   1.528827e+02   2.243936e+02   3.084281e-01
   4.351910e+01   1.494815e+02   2.215445e+02   3.061838e-01
   4.360675e+01   1.462100e+02   2.187527e+02   3.039642e-01
   4.369457e+01   1.430322e+02   2.160092e+02   3.017637e-01
   4.378257e+01   1.399919e+02   2.133247e+02   2.995923e-01
   4.387075e+01   1.370174e+02   2.106803e+02   2.974361e-01
   4.395910e+01   1.341864e+02   2.080965e+02   2.953127e-01
   4.404763e+01   1.314025e+02   2.055470e+02   2.932019e-01
   4.413634e+01   1.287563e+02   2.030559e+02   2.911247e-01
   4.422523e+01   1.261583e+02   2.005987e+02   2.890615e-01
   4.431430e+01   1.236694e+02   1.981920e+02   2.870270e-01
   4.440354e+01   1.212421e+02   1.958223e+02   2.850108e-01
   4.449297e+01   1.188965e+02   1.934953e+02   2.830187e-01
   4.458258e+01   1.166232e+02   1.912082e+02   2.810488e-01
   4.467236e+01   1.144097e+02   1.889567e+02   2.790983e-01
   4.476233e+01   1.122812e+02   1.867477e+02   2.771737e-01
   4.485248e+01   1.101907e+02   1.845677e+02   2.752639e-01
   4.494281e+01   1.081927e+02   1.824325e+02   2.733833e-01
   4.503333e+01   1.062226e+02   1.803229e+02   2.715153e-01
   4.512402e+01   1.043367e+02   1.782554e+02   2.696756e-01
   4.521490e+01   1.024847e+02   1.762146e+02   2.678506e-01
   4.530596e+01   1.006952e+02   1.742092e+02   2.660486e-01
   4.539720e+01   9.895154e+01   1.722337e+02   2.642651e-01
   4.548863e+01   9.725181e+01   1.702874e+02   2.624998e-01
   4.558024e+01   9.560949e+01   1.683742e+02   2.607566e-01
   4.567204e+01   9.399337e+01   1.664845e+02   2.590270e-01
   4.576402e+01   9.244263e+01   1.646305e+02   2.573231e-01
   4.585619e+01   9.091091e+01   1.627972e+02   2.556309e-01
   4.594854e+01   8.943881e+01   1.609973e+02   2.539626e-01
   4.604108e+01   8.799240e+01   1.592198e+02   2.523083e-01
   4.613380e+01   8.658696e+01   1.574699e+02   2.506730e-01
   4.622671e+01   8.521752e+01   1.557456e+02   2.490552e-01
   4.631981e+01   8.387447e+01   1.540435e+02   2.474519e-01
   4.641310e+01   8.257809e+01   1.523700e+02   2.458696e-01
   4.650657e+01   8.129619e+01   1.507145e+02   2.442981e-01
   4.660023e+01   8.006539e+01   1.490886e+02   2.427491e-01
   4.669408e+01   7.885001e+01   1.474808e+02   2.412114e-01
   4.678812e+01   7.767098e+01   1.458978e+02   2.396920e-01
   4.688235e+01   7.651810e+01   1.443362e+02   2.381876e-01
   4.697677e+01   7.538753e+01   1.427943e+02   2.366968e-01
   4.707138e+01   7.429237e+01   1.412765e+02   2.352240e-01
   4.716618e+01   7.320841e+01   1.397745e+02   2.337611e-01
   4.726117e+01   7.216426e+01   1.382984e+02   2.323187e-01
   4.735635e+01   7.113167e+01   1.368380e+02   2.308864e-01
   4.745173e+01   7.012842e+01   1.353990e+02   2.294703e-01
   4.754729e+01   6.914700e+01   1.339787e+02   2.280678e-01
   4.764305e+01   6.818195e+01   1.325753e+02   2.266771e-01
   4.773900e+01   6.724676e+01   1.311933e+02   2.253031e-01
   4.783514e+01   6.632028e+01   1.298253e+02   2.239382e-01
   4.793148e+01   6.542608e+01   1.284793e+02   2.225908e-01
   4.802801e+01   6.454334e+01   1.271480e+02   2.212535e-01
   4.812474e+01   6.368024e+01   1.258343e+02   2.199295e-01
   4.822166e+01   6.283674e+01   1.245381e+02   2.186187e-01
   4.831878e+01   6.200299e+01   1.232555e+02   2.173175e-01
   4.841609e+01   6.119717e+01   1.219932e+02   2.160325e-01
   4.851360e+01   6.039837e+01   1.207433e+02   2.147559e-01
   4.861130e+01   5.962251e+01   1.195113e+02   2.134934e-01
   4.870920e+01   5.886040e+01   1.182936e+02   2.122416e-01
   4.880730e+01   5.811019e+01   1.170900e+02   2.110000e-01
   4.890559e+01   5.738075e+01   1.159036e+02   2.097722e-01
   4.900409e+01   5.665737e+01   1.147287e+02   2.085522e-01
   4.910278e+01   5.595562e+01   1.135712e+02   2.073464e-01
   4.920167e+01   5.526249e+01   1.124260e+02   2.061495e-01
   4.930076e+01   5.458292e+01   1.112946e+02   2.049631e-01
   4.940005e+01   5.392070e+01   1.101781e+02   2.037886e-01
   4.949954e+01   5.326370e+01   1.090724e+02   2.026217e-01
   4.959923e+01   5.262543e+01   1.079832e+02   2.014683e-01
   4.969912e+01   5.199288e+01   1.069048e+02   2.003225e-01
   4.979921e+01   5.137394e+01   1.058396e+02   1.991872e-01
   4.989950e+01   5.076917e+01   1.047879e+02   1.980626e-01
   5.000000e+01   5.016897e+01   1.037462e+02   1.969449e-01