#============================================================================
# Opacities computed by OpTool
# Method:   DHS  fmax=  0.800
# Parameters:
#   amin [um]=      0.100 amax [um]=      0.100  na  =    1     apow=   3.5    
#   lmin [um]=      6.700 lmax [um]=     50.000  nlam= 1000     nang=   180
#   porosity =      0.000 p_mantle =      0.000  fmax= 0.80     chop=   0.0
# Composition:
#  Where   mfrac  rho   Material
#  -----   -----  ----  -----------------------------------------------------
#  core    0.333  3.30  /Users/jvarga/Dokumentumok/MATISSE/pro/optool/lnk_data/ad/oliSC_x_551K.lnk
#  core    0.333  3.30  /Users/jvarga/Dokumentumok/MATISSE/pro/optool/lnk_data/ad/oliSC_y_551K.lnk
#  core    0.333  3.30  /Users/jvarga/Dokumentumok/MATISSE/pro/optool/lnk_data/ad/oliSC_z_551K.lnk
#  - - -   - - -  -  -  - - - - - - - - - - - - - - - - - - - - - - - - - - -
#============================================================================
# Standard output file, no scattering matrix
#    iformat
#    nlambda
#    lambda[um]  kabs [cm^2/g]  ksca [cm^2/g]    g_asymmetry
#============================================================================
           3
        1000
   6.700000e+00   1.935036e+01   3.682839e-01   3.507939e-03
   6.713493e+00   1.951126e+01   3.637074e-01   3.492325e-03
   6.727014e+00   1.966864e+01   3.591715e-01   3.476772e-03
   6.740562e+00   1.983358e+01   3.546710e-01   3.461269e-03
   6.754137e+00   2.000047e+01   3.502138e-01   3.445828e-03
   6.767740e+00   2.016380e+01   3.457945e-01   3.430442e-03
   6.781370e+00   2.034366e+01   3.414088e-01   3.415105e-03
   6.795027e+00   2.050882e+01   3.370664e-01   3.399830e-03
   6.808712e+00   2.068032e+01   3.327600e-01   3.384609e-03
   6.822424e+00   2.085913e+01   3.284918e-01   3.369442e-03
   6.836164e+00   2.102859e+01   3.242582e-01   3.354328e-03
   6.849932e+00   2.121196e+01   3.200645e-01   3.339270e-03
   6.863727e+00   2.140322e+01   3.159025e-01   3.324263e-03
   6.877551e+00   2.159144e+01   3.117777e-01   3.309310e-03
   6.891402e+00   2.177528e+01   3.076906e-01   3.294410e-03
   6.905281e+00   2.196862e+01   3.036388e-01   3.279565e-03
   6.919188e+00   2.216304e+01   2.996246e-01   3.264773e-03
   6.933123e+00   2.235082e+01   2.956402e-01   3.250032e-03
   6.947086e+00   2.255105e+01   2.916951e-01   3.235343e-03
   6.961077e+00   2.275574e+01   2.877786e-01   3.220703e-03
   6.975096e+00   2.295514e+01   2.839026e-01   3.206120e-03
   6.989143e+00   2.315621e+01   2.800596e-01   3.191588e-03
   7.003219e+00   2.337076e+01   2.762452e-01   3.177101e-03
   7.017323e+00   2.358764e+01   2.724695e-01   3.162671e-03
   7.031456e+00   2.380614e+01   2.687251e-01   3.148288e-03
   7.045617e+00   2.403123e+01   2.650106e-01   3.133954e-03
   7.059806e+00   2.424800e+01   2.613300e-01   3.119669e-03
   7.074025e+00   2.447339e+01   2.576825e-01   3.105438e-03
   7.088271e+00   2.470596e+01   2.540629e-01   3.091251e-03
   7.102547e+00   2.493010e+01   2.504790e-01   3.077116e-03
   7.116851e+00   2.517115e+01   2.469268e-01   3.063029e-03
   7.131184e+00   2.539858e+01   2.434042e-01   3.048990e-03
   7.145546e+00   2.564532e+01   2.399106e-01   3.034998e-03
   7.159937e+00   2.589114e+01   2.364510e-01   3.021055e-03
   7.174356e+00   2.614802e+01   2.330155e-01   3.007154e-03
   7.188805e+00   2.639098e+01   2.296179e-01   2.993307e-03
   7.203283e+00   2.664744e+01   2.262429e-01   2.979501e-03
   7.217790e+00   2.690378e+01   2.228985e-01   2.965743e-03
   7.232326e+00   2.718126e+01   2.195883e-01   2.952033e-03
   7.246892e+00   2.744527e+01   2.163011e-01   2.938364e-03
   7.261487e+00   2.772554e+01   2.130474e-01   2.924748e-03
   7.276111e+00   2.799761e+01   2.098198e-01   2.911172e-03
   7.290765e+00   2.827634e+01   2.066235e-01   2.897644e-03
   7.305448e+00   2.856236e+01   2.034511e-01   2.884156e-03
   7.320161e+00   2.885815e+01   2.003040e-01   2.870710e-03
   7.334904e+00   2.916096e+01   1.971885e-01   2.857313e-03
   7.349676e+00   2.945873e+01   1.941037e-01   2.843963e-03
   7.364478e+00   2.976414e+01   1.910393e-01   2.830647e-03
   7.379309e+00   3.006727e+01   1.880055e-01   2.817378e-03
   7.394171e+00   3.038998e+01   1.849984e-01   2.804154e-03
   7.409062e+00   3.070672e+01   1.820157e-01   2.790970e-03
   7.423984e+00   3.103068e+01   1.790598e-01   2.777826e-03
   7.438935e+00   3.135631e+01   1.761331e-01   2.764730e-03
   7.453917e+00   3.170881e+01   1.732285e-01   2.751668e-03
   7.468929e+00   3.205876e+01   1.703497e-01   2.738648e-03
   7.483971e+00   3.239538e+01   1.674976e-01   2.725671e-03
   7.499043e+00   3.276147e+01   1.646710e-01   2.712733e-03
   7.514146e+00   3.311850e+01   1.618674e-01   2.699835e-03
   7.529279e+00   3.348077e+01   1.590879e-01   2.686975e-03
   7.544443e+00   3.386226e+01   1.563365e-01   2.674157e-03
   7.559637e+00   3.425540e+01   1.536120e-01   2.661383e-03
   7.574862e+00   3.463310e+01   1.509043e-01   2.648636e-03
   7.590117e+00   3.503171e+01   1.482252e-01   2.635935e-03
   7.605403e+00   3.543617e+01   1.455680e-01   2.623269e-03
   7.620720e+00   3.585714e+01   1.429349e-01   2.610642e-03
   7.636068e+00   3.626884e+01   1.403259e-01   2.598050e-03
   7.651447e+00   3.670750e+01   1.377411e-01   2.585499e-03
   7.666856e+00   3.714236e+01   1.351792e-01   2.572981e-03
   7.682297e+00   3.757996e+01   1.326412e-01   2.560503e-03
   7.697769e+00   3.803519e+01   1.301244e-01   2.548058e-03
   7.713272e+00   3.849451e+01   1.276305e-01   2.535649e-03
   7.728806e+00   3.897092e+01   1.251594e-01   2.523275e-03
   7.744371e+00   3.944892e+01   1.227120e-01   2.510936e-03
   7.759968e+00   3.993576e+01   1.202852e-01   2.498630e-03
   7.775596e+00   4.043983e+01   1.178813e-01   2.486361e-03
   7.791256e+00   4.096304e+01   1.154980e-01   2.474122e-03
   7.806947e+00   4.147602e+01   1.131391e-01   2.461919e-03
   7.822670e+00   4.200910e+01   1.108012e-01   2.449750e-03
   7.838425e+00   4.255706e+01   1.084850e-01   2.437612e-03
   7.854211e+00   4.310497e+01   1.061901e-01   2.425507e-03
   7.870029e+00   4.367950e+01   1.039176e-01   2.413435e-03
   7.885879e+00   4.425621e+01   1.016661e-01   2.401394e-03
   7.901760e+00   4.484712e+01   9.943610e-02   2.389385e-03
   7.917674e+00   4.546124e+01   9.722735e-02   2.377404e-03
   7.933620e+00   4.607805e+01   9.503995e-02   2.365458e-03
   7.949598e+00   4.672698e+01   9.287363e-02   2.353540e-03
   7.965608e+00   4.735994e+01   9.072738e-02   2.341651e-03
   7.981650e+00   4.802797e+01   8.860396e-02   2.329794e-03
   7.997725e+00   4.871423e+01   8.649973e-02   2.317964e-03
   8.013832e+00   4.940712e+01   8.441745e-02   2.306164e-03
   8.029972e+00   5.012775e+01   8.235794e-02   2.294395e-03
   8.046144e+00   5.085771e+01   8.031494e-02   2.282648e-03
   8.062348e+00   5.161379e+01   7.829637e-02   2.270935e-03
   8.078585e+00   5.238537e+01   7.629874e-02   2.259248e-03
   8.094855e+00   5.316046e+01   7.432046e-02   2.247588e-03
   8.111158e+00   5.397217e+01   7.236387e-02   2.235956e-03
   8.127493e+00   5.479359e+01   7.043045e-02   2.224353e-03
   8.143862e+00   5.566101e+01   6.851437e-02   2.212770e-03
   8.160263e+00   5.653054e+01   6.662330e-02   2.201220e-03
   8.176697e+00   5.742840e+01   6.475076e-02   2.189692e-03
   8.193165e+00   5.835346e+01   6.290083e-02   2.178192e-03
   8.209666e+00   5.931432e+01   6.107190e-02   2.166715e-03
   8.226199e+00   6.028704e+01   5.926640e-02   2.155267e-03
   8.242767e+00   6.128622e+01   5.748087e-02   2.143841e-03
   8.259367e+00   6.231233e+01   5.571859e-02   2.132442e-03
   8.276001e+00   6.338236e+01   5.397867e-02   2.121068e-03
   8.292669e+00   6.447811e+01   5.226015e-02   2.109716e-03
   8.309370e+00   6.560285e+01   5.056724e-02   2.098394e-03
   8.326104e+00   6.677201e+01   4.889388e-02   2.087089e-03
   8.342873e+00   6.796258e+01   4.724753e-02   2.075815e-03
   8.359675e+00   6.919676e+01   4.562411e-02   2.064562e-03
   8.376511e+00   7.047240e+01   4.402373e-02   2.053331e-03
   8.393381e+00   7.178844e+01   4.244859e-02   2.042124e-03
   8.410285e+00   7.316599e+01   4.090166e-02   2.030948e-03
   8.427223e+00   7.455189e+01   3.937710e-02   2.019787e-03
   8.444195e+00   7.602157e+01   3.788072e-02   2.008651e-03
   8.461201e+00   7.753076e+01   3.641230e-02   1.997541e-03
   8.478241e+00   7.907807e+01   3.497114e-02   1.986450e-03
   8.495316e+00   8.069537e+01   3.355799e-02   1.975380e-03
   8.512425e+00   8.237661e+01   3.217694e-02   1.964336e-03
   8.529569e+00   8.411053e+01   3.082511e-02   1.953308e-03
   8.546747e+00   8.591444e+01   2.950596e-02   1.942300e-03
   8.563960e+00   8.778935e+01   2.821886e-02   1.931306e-03
   8.581207e+00   8.974089e+01   2.696805e-02   1.920331e-03
   8.598489e+00   9.178272e+01   2.575280e-02   1.909365e-03
   8.615806e+00   9.389121e+01   2.457330e-02   1.898403e-03
   8.633158e+00   9.609709e+01   2.343471e-02   1.887446e-03
   8.650545e+00   9.840601e+01   2.233746e-02   1.876485e-03
   8.667967e+00   1.008083e+02   2.128226e-02   1.865505e-03
   8.685424e+00   1.033217e+02   2.027331e-02   1.854502e-03
   8.702916e+00   1.059575e+02   1.931277e-02   1.843460e-03
   8.720443e+00   1.087146e+02   1.840404e-02   1.832366e-03
   8.738005e+00   1.116147e+02   1.754925e-02   1.821189e-03
   8.755603e+00   1.146595e+02   1.675175e-02   1.809903e-03
   8.773237e+00   1.178712e+02   1.601753e-02   1.798483e-03
   8.790906e+00   1.212582e+02   1.534966e-02   1.786885e-03
   8.808610e+00   1.248228e+02   1.475244e-02   1.775051e-03
   8.826350e+00   1.286109e+02   1.423276e-02   1.762922e-03
   8.844126e+00   1.326231e+02   1.379641e-02   1.750438e-03
   8.861938e+00   1.368776e+02   1.345064e-02   1.737512e-03
   8.879785e+00   1.414159e+02   1.320338e-02   1.724060e-03
   8.897669e+00   1.462782e+02   1.306436e-02   1.709963e-03
   8.915588e+00   1.514566e+02   1.304304e-02   1.695141e-03
   8.933544e+00   1.570301e+02   1.315218e-02   1.679492e-03
   8.951535e+00   1.630295e+02   1.340570e-02   1.662941e-03
   8.969563e+00   1.695206e+02   1.381820e-02   1.645417e-03
   8.987628e+00   1.765758e+02   1.441304e-02   1.626865e-03
   9.005728e+00   1.842581e+02   1.520743e-02   1.607325e-03
   9.023865e+00   1.926955e+02   1.623037e-02   1.586828e-03
   9.042039e+00   2.019830e+02   1.750826e-02   1.565488e-03
   9.060249e+00   2.122744e+02   1.908038e-02   1.543389e-03
   9.078496e+00   2.237810e+02   2.099698e-02   1.520603e-03
   9.096780e+00   2.367192e+02   2.330510e-02   1.497291e-03
   9.115100e+00   2.514278e+02   2.607518e-02   1.473509e-03
   9.133458e+00   2.682402e+02   2.937949e-02   1.449345e-03
   9.151852e+00   2.876985e+02   3.332021e-02   1.424781e-03
   9.170283e+00   3.105126e+02   3.802556e-02   1.399727e-03
   9.188752e+00   3.375309e+02   4.365324e-02   1.374042e-03
   9.207258e+00   3.700670e+02   5.039284e-02   1.347521e-03
   9.225801e+00   4.096332e+02   5.845740e-02   1.319877e-03
   9.244381e+00   4.580579e+02   6.805822e-02   1.290755e-03
   9.262999e+00   5.178135e+02   7.940336e-02   1.259611e-03
   9.281654e+00   5.912121e+02   9.252973e-02   1.225836e-03
   9.300347e+00   6.787231e+02   1.070453e-01   1.188913e-03
   9.319077e+00   7.775086e+02   1.218249e-01   1.148660e-03
   9.337845e+00   8.777489e+02   1.345923e-01   1.106227e-03
   9.356651e+00   9.634269e+02   1.427426e-01   1.064290e-03
   9.375495e+00   1.019082e+03   1.444075e-01   1.027503e-03
   9.394377e+00   1.037126e+03   1.395114e-01   1.002087e-03
   9.413297e+00   1.020738e+03   1.298794e-01   9.942050e-04
   9.432255e+00   9.802858e+02   1.183393e-01   1.007667e-03
   9.451251e+00   9.282026e+02   1.077630e-01   1.041637e-03
   9.470285e+00   8.760341e+02   1.005856e-01   1.087564e-03
   9.489358e+00   8.328373e+02   9.847106e-02   1.130495e-03
   9.508469e+00   8.038060e+02   1.021824e-01   1.157538e-03
   9.527619e+00   7.911786e+02   1.119124e-01   1.165169e-03
   9.546807e+00   7.953189e+02   1.276827e-01   1.157438e-03
   9.566034e+00   8.159441e+02   1.497013e-01   1.139761e-03
   9.585299e+00   8.531010e+02   1.785629e-01   1.115563e-03
   9.604604e+00   9.074637e+02   2.153767e-01   1.085995e-03
   9.623947e+00   9.807694e+02   2.618536e-01   1.050426e-03
   9.643329e+00   1.075874e+03   3.204243e-01   1.006855e-03
   9.662750e+00   1.196866e+03   3.943415e-01   9.526971e-04
   9.682211e+00   1.348777e+03   4.876471e-01   8.866304e-04
   9.701710e+00   1.537095e+03   6.048546e-01   8.109242e-04
   9.721249e+00   1.765344e+03   7.495883e-01   7.320897e-04
   9.740827e+00   2.031997e+03   9.224711e-01   6.581554e-04
   9.760445e+00   2.327030e+03   1.118363e+00   5.953518e-04
   9.780102e+00   2.632540e+03   1.326260e+00   5.464068e-04
   9.799798e+00   2.928913e+03   1.532962e+00   5.109723e-04
   9.819535e+00   3.202317e+03   1.728449e+00   4.869256e-04
   9.839311e+00   3.447123e+03   1.907867e+00   4.717571e-04
   9.859127e+00   3.663527e+03   2.070340e+00   4.633018e-04
   9.878982e+00   3.854373e+03   2.216973e+00   4.599213e-04
   9.898878e+00   4.023043e+03   2.349346e+00   4.604459e-04
   9.918814e+00   4.172543e+03   2.468874e+00   4.640435e-04
   9.938790e+00   4.305180e+03   2.576341e+00   4.701162e-04
   9.958806e+00   4.422490e+03   2.672058e+00   4.781774e-04
   9.978863e+00   4.525414e+03   2.755717e+00   4.877934e-04
   9.998960e+00   4.614272e+03   2.826351e+00   4.985267e-04
   1.001910e+01   4.688844e+03   2.882535e+00   5.098511e-04
   1.003928e+01   4.748332e+03   2.922075e+00   5.211468e-04
   1.005949e+01   4.791192e+03   2.941767e+00   5.317011e-04
   1.007975e+01   4.815335e+03   2.937813e+00   5.407261e-04
   1.010005e+01   4.817491e+03   2.904986e+00   5.476374e-04
   1.012039e+01   4.792875e+03   2.837325e+00   5.523362e-04
   1.014078e+01   4.733227e+03   2.728895e+00   5.556555e-04
   1.016120e+01   4.623476e+03   2.575201e+00   5.601851e-04
   1.018166e+01   4.445133e+03   2.377396e+00   5.718804e-04
   1.020217e+01   4.196040e+03   2.146618e+00   6.027834e-04
   1.022272e+01   3.903577e+03   1.902609e+00   6.727323e-04
   1.024330e+01   3.598482e+03   1.664782e+00   8.062854e-04
   1.026393e+01   3.288030e+03   1.445764e+00   1.021890e-03
   1.028460e+01   2.975868e+03   1.252601e+00   1.314424e-03
   1.030532e+01   2.684451e+03   1.088808e+00   1.641840e-03
   1.032607e+01   2.438906e+03   9.540079e-01   1.936179e-03
   1.034687e+01   2.250764e+03   8.453755e-01   2.139813e-03
   1.036771e+01   2.118647e+03   7.593264e-01   2.237174e-03
   1.038859e+01   2.041318e+03   6.929601e-01   2.242417e-03
   1.040951e+01   2.019776e+03   6.447974e-01   2.181853e-03
   1.043047e+01   2.057702e+03   6.150636e-01   2.082312e-03
   1.045148e+01   2.156875e+03   6.054391e-01   1.969000e-03
   1.047253e+01   2.307055e+03   6.186555e-01   1.867403e-03
   1.049362e+01   2.466981e+03   6.539448e-01   1.804296e-03
   1.051475e+01   2.568137e+03   7.013806e-01   1.805271e-03
   1.053593e+01   2.556440e+03   7.405753e-01   1.888698e-03
   1.055715e+01   2.439978e+03   7.541661e-01   2.042004e-03
   1.057841e+01   2.278010e+03   7.421059e-01   2.192071e-03
   1.059971e+01   2.130967e+03   7.213780e-01   2.259305e-03
   1.062106e+01   2.027609e+03   7.057437e-01   2.232201e-03
   1.064245e+01   1.977207e+03   7.026200e-01   2.142527e-03
   1.066388e+01   1.980362e+03   7.145594e-01   2.022362e-03
   1.068536e+01   2.031805e+03   7.418370e-01   1.893492e-03
   1.070688e+01   2.125400e+03   7.839920e-01   1.767253e-03
   1.072844e+01   2.256309e+03   8.406085e-01   1.649225e-03
   1.075005e+01   2.420811e+03   9.113830e-01   1.542245e-03
   1.077170e+01   2.613644e+03   9.954511e-01   1.447126e-03
   1.079339e+01   2.830386e+03   1.092180e+00   1.363419e-03
   1.081513e+01   3.068446e+03   1.201684e+00   1.289829e-03
   1.083691e+01   3.327450e+03   1.325266e+00   1.223889e-03
   1.085874e+01   3.610495e+03   1.466359e+00   1.162896e-03
   1.088061e+01   3.925363e+03   1.630907e+00   1.106393e-03
   1.090252e+01   4.281607e+03   1.826105e+00   1.056669e-03
   1.092448e+01   4.682284e+03   2.055986e+00   1.016228e-03
   1.094648e+01   5.114262e+03   2.313673e+00   9.856703e-04
   1.096852e+01   5.543485e+03   2.578133e+00   9.633225e-04
   1.099061e+01   5.934341e+03   2.826020e+00   9.466302e-04
   1.101275e+01   6.270859e+03   3.044885e+00   9.337475e-04
   1.103493e+01   6.552862e+03   3.234252e+00   9.233641e-04
   1.105715e+01   6.787348e+03   3.397933e+00   9.148562e-04
   1.107942e+01   6.981455e+03   3.539845e+00   9.079389e-04
   1.110173e+01   7.139972e+03   3.663447e+00   9.022795e-04
   1.112409e+01   7.265941e+03   3.769959e+00   8.978306e-04
   1.114650e+01   7.360705e+03   3.861271e+00   8.943130e-04
   1.116894e+01   7.423838e+03   3.936583e+00   8.916765e-04
   1.119144e+01   7.453649e+03   3.994755e+00   8.898142e-04
   1.121398e+01   7.447812e+03   4.034846e+00   8.885503e-04
   1.123656e+01   7.401870e+03   4.053228e+00   8.878588e-04
   1.125919e+01   7.312841e+03   4.049516e+00   8.873813e-04
   1.128187e+01   7.172159e+03   4.015327e+00   8.872426e-04
   1.130459e+01   6.976856e+03   3.950998e+00   8.868503e-04
   1.132735e+01   6.715452e+03   3.845234e+00   8.862961e-04
   1.135017e+01   6.385000e+03   3.698516e+00   8.850851e-04
   1.137303e+01   5.967073e+03   3.490484e+00   8.843158e-04
   1.139593e+01   5.465043e+03   3.227640e+00   8.841735e-04
   1.141888e+01   4.877447e+03   2.901398e+00   8.876057e-04
   1.144188e+01   4.247556e+03   2.541231e+00   9.006380e-04
   1.146492e+01   3.632074e+03   2.178332e+00   9.392035e-04
   1.148801e+01   3.089303e+03   1.855864e+00   1.025973e-03
   1.151115e+01   2.640310e+03   1.587289e+00   1.184745e-03
   1.153433e+01   2.281282e+03   1.368194e+00   1.414324e-03
   1.155756e+01   1.989090e+03   1.193818e+00   1.659466e-03
   1.158084e+01   1.757036e+03   1.051920e+00   1.846108e-03
   1.160416e+01   1.566681e+03   9.348827e-01   1.948401e-03
   1.162753e+01   1.412125e+03   8.376445e-01   1.980658e-03
   1.165095e+01   1.286110e+03   7.555851e-01   1.970855e-03
   1.167441e+01   1.182344e+03   6.851896e-01   1.939457e-03
   1.169792e+01   1.099229e+03   6.246107e-01   1.897661e-03
   1.172148e+01   1.032856e+03   5.716950e-01   1.851885e-03
   1.174509e+01   9.826033e+02   5.252622e-01   1.805098e-03
   1.176874e+01   9.486669e+02   4.845391e-01   1.758900e-03
   1.179245e+01   9.312389e+02   4.488215e-01   1.713964e-03
   1.181620e+01   9.326005e+02   4.181280e-01   1.670590e-03
   1.183999e+01   9.563721e+02   3.931314e-01   1.628858e-03
   1.186384e+01   1.005234e+03   3.750384e-01   1.588697e-03
   1.188773e+01   1.079250e+03   3.657810e-01   1.550294e-03
   1.191167e+01   1.171897e+03   3.683504e-01   1.515959e-03
   1.193566e+01   1.255180e+03   3.830412e-01   1.492191e-03
   1.195970e+01   1.275199e+03   4.047383e-01   1.487376e-03
   1.198379e+01   1.200099e+03   4.194330e-01   1.502864e-03
   1.200792e+01   1.076907e+03   4.206142e-01   1.533649e-03
   1.203210e+01   9.398040e+02   4.097422e-01   1.567338e-03
   1.205634e+01   8.125871e+02   3.913812e-01   1.588201e-03
   1.208062e+01   7.061199e+02   3.702312e-01   1.590583e-03
   1.210495e+01   6.213217e+02   3.488734e-01   1.578007e-03
   1.212933e+01   5.538762e+02   3.289053e-01   1.557599e-03
   1.215375e+01   5.000496e+02   3.105677e-01   1.533621e-03
   1.217823e+01   4.567519e+02   2.939346e-01   1.508778e-03
   1.220276e+01   4.215854e+02   2.789040e-01   1.484434e-03
   1.222733e+01   3.922022e+02   2.652435e-01   1.461124e-03
   1.225196e+01   3.672787e+02   2.527785e-01   1.439025e-03
   1.227663e+01   3.458794e+02   2.413587e-01   1.418153e-03
   1.230136e+01   3.272777e+02   2.308442e-01   1.398435e-03
   1.232613e+01   3.110645e+02   2.211551e-01   1.379829e-03
   1.235096e+01   2.966886e+02   2.121584e-01   1.362185e-03
   1.237583e+01   2.838411e+02   2.037835e-01   1.345422e-03
   1.240075e+01   2.722734e+02   1.959528e-01   1.329440e-03
   1.242573e+01   2.617972e+02   1.886173e-01   1.314177e-03
   1.245075e+01   2.522633e+02   1.817186e-01   1.299550e-03
   1.247583e+01   2.435621e+02   1.752254e-01   1.285517e-03
   1.250095e+01   2.355429e+02   1.690864e-01   1.272005e-03
   1.252613e+01   2.282081e+02   1.632897e-01   1.258999e-03
   1.255136e+01   2.214075e+02   1.577883e-01   1.246427e-03
   1.257664e+01   2.151081e+02   1.525647e-01   1.234267e-03
   1.260196e+01   2.092666e+02   1.475960e-01   1.222485e-03
   1.262734e+01   2.038144e+02   1.428612e-01   1.211050e-03
   1.265278e+01   1.987381e+02   1.383439e-01   1.199937e-03
   1.267826e+01   1.939947e+02   1.340282e-01   1.189126e-03
   1.270379e+01   1.895566e+02   1.299005e-01   1.178595e-03
   1.272938e+01   1.853941e+02   1.259473e-01   1.168325e-03
   1.275501e+01   1.814996e+02   1.221577e-01   1.158300e-03
   1.278070e+01   1.778337e+02   1.185209e-01   1.148506e-03
   1.280644e+01   1.743990e+02   1.150281e-01   1.138928e-03
   1.283223e+01   1.711697e+02   1.116700e-01   1.129555e-03
   1.285807e+01   1.681325e+02   1.084386e-01   1.120373e-03
   1.288397e+01   1.652776e+02   1.053262e-01   1.111372e-03
   1.290992e+01   1.625873e+02   1.023264e-01   1.102544e-03
   1.293592e+01   1.600563e+02   9.943396e-02   1.093879e-03
   1.296197e+01   1.576772e+02   9.664142e-02   1.085369e-03
   1.298808e+01   1.554460e+02   9.394434e-02   1.077005e-03
   1.301423e+01   1.533395e+02   9.133819e-02   1.068782e-03
   1.304044e+01   1.513555e+02   8.881740e-02   1.060692e-03
   1.306671e+01   1.495004e+02   8.637964e-02   1.052732e-03
   1.309302e+01   1.477551e+02   8.401853e-02   1.044892e-03
   1.311939e+01   1.461217e+02   8.173191e-02   1.037169e-03
   1.314581e+01   1.445958e+02   7.951570e-02   1.029558e-03
   1.317229e+01   1.431655e+02   7.736726e-02   1.022054e-03
   1.319882e+01   1.418339e+02   7.528250e-02   1.014652e-03
   1.322540e+01   1.405821e+02   7.325954e-02   1.007348e-03
   1.325203e+01   1.394313e+02   7.129508e-02   1.000139e-03
   1.327872e+01   1.383627e+02   6.938646e-02   9.930191e-04
   1.330546e+01   1.373743e+02   6.753264e-02   9.859892e-04
   1.333226e+01   1.364707e+02   6.573063e-02   9.790436e-04
   1.335911e+01   1.356465e+02   6.397794e-02   9.721785e-04
   1.338602e+01   1.348870e+02   6.227266e-02   9.653909e-04
   1.341297e+01   1.342057e+02   6.061350e-02   9.586800e-04
   1.343999e+01   1.335951e+02   5.899815e-02   9.520418e-04
   1.346706e+01   1.330553e+02   5.742560e-02   9.454746e-04
   1.349418e+01   1.325845e+02   5.589358e-02   9.389755e-04
   1.352135e+01   1.321865e+02   5.440083e-02   9.325420e-04
   1.354859e+01   1.318441e+02   5.294546e-02   9.261714e-04
   1.357587e+01   1.315671e+02   5.152774e-02   9.198654e-04
   1.360321e+01   1.313657e+02   5.014474e-02   9.136176e-04
   1.363061e+01   1.312226e+02   4.879543e-02   9.074270e-04
   1.365806e+01   1.311356e+02   4.747952e-02   9.012941e-04
   1.368557e+01   1.311239e+02   4.619574e-02   8.952164e-04
   1.371313e+01   1.311649e+02   4.494294e-02   8.891924e-04
   1.374075e+01   1.312722e+02   4.371943e-02   8.832183e-04
   1.376842e+01   1.314427e+02   4.252539e-02   8.772959e-04
   1.379615e+01   1.316739e+02   4.135946e-02   8.714222e-04
   1.382393e+01   1.319734e+02   4.022043e-02   8.655949e-04
   1.385177e+01   1.323297e+02   3.910771e-02   8.598134e-04
   1.387967e+01   1.327547e+02   3.802130e-02   8.540783e-04
   1.390762e+01   1.332472e+02   3.695947e-02   8.483858e-04
   1.393563e+01   1.337936e+02   3.592227e-02   8.427365e-04
   1.396370e+01   1.344223e+02   3.490878e-02   8.371287e-04
   1.399182e+01   1.351126e+02   3.391854e-02   8.315613e-04
   1.402000e+01   1.358682e+02   3.295052e-02   8.260326e-04
   1.404824e+01   1.367015e+02   3.200431e-02   8.205411e-04
   1.407653e+01   1.376074e+02   3.107983e-02   8.150873e-04
   1.410488e+01   1.385935e+02   3.017650e-02   8.096700e-04
   1.413328e+01   1.396505e+02   2.929383e-02   8.042879e-04
   1.416175e+01   1.407911e+02   2.843117e-02   7.989394e-04
   1.419027e+01   1.420122e+02   2.758854e-02   7.936245e-04
   1.421885e+01   1.433169e+02   2.676524e-02   7.883412e-04
   1.424748e+01   1.447234e+02   2.596104e-02   7.830884e-04
   1.427618e+01   1.462141e+02   2.517575e-02   7.778657e-04
   1.430493e+01   1.477939e+02   2.440895e-02   7.726712e-04
   1.433374e+01   1.494889e+02   2.366070e-02   7.675047e-04
   1.436261e+01   1.512959e+02   2.293074e-02   7.623644e-04
   1.439153e+01   1.531942e+02   2.221876e-02   7.572493e-04
   1.442052e+01   1.552344e+02   2.152454e-02   7.521558e-04
   1.444956e+01   1.573781e+02   2.084807e-02   7.470848e-04
   1.447866e+01   1.596790e+02   2.018978e-02   7.420333e-04
   1.450782e+01   1.621084e+02   1.954930e-02   7.370003e-04
   1.453704e+01   1.646786e+02   1.892636e-02   7.319819e-04
   1.456631e+01   1.674179e+02   1.832162e-02   7.269766e-04
   1.459565e+01   1.703233e+02   1.773503e-02   7.219818e-04
   1.462504e+01   1.734069e+02   1.716685e-02   7.169933e-04
   1.465450e+01   1.766954e+02   1.661723e-02   7.120070e-04
   1.468401e+01   1.801776e+02   1.608634e-02   7.070182e-04
   1.471358e+01   1.839029e+02   1.557506e-02   7.020224e-04
   1.474322e+01   1.878603e+02   1.508368e-02   6.970137e-04
   1.477291e+01   1.920895e+02   1.461280e-02   6.919846e-04
   1.480266e+01   1.966068e+02   1.416312e-02   6.869251e-04
   1.483247e+01   2.014344e+02   1.373564e-02   6.818287e-04
   1.486234e+01   2.065941e+02   1.333124e-02   6.766837e-04
   1.489228e+01   2.121462e+02   1.295101e-02   6.714733e-04
   1.492227e+01   2.181003e+02   1.259618e-02   6.661864e-04
   1.495232e+01   2.245110e+02   1.226860e-02   6.608057e-04
   1.498243e+01   2.314253e+02   1.196966e-02   6.553089e-04
   1.501261e+01   2.388834e+02   1.170115e-02   6.496758e-04
   1.504284e+01   2.469550e+02   1.146567e-02   6.438829e-04
   1.507314e+01   2.557231e+02   1.126600e-02   6.378995e-04
   1.510350e+01   2.652305e+02   1.110431e-02   6.317000e-04
   1.513391e+01   2.755785e+02   1.098379e-02   6.252522e-04
   1.516439e+01   2.868795e+02   1.090878e-02   6.185227e-04
   1.519493e+01   2.991897e+02   1.088172e-02   6.114847e-04
   1.522553e+01   3.126465e+02   1.090748e-02   6.041100e-04
   1.525620e+01   3.273738e+02   1.099017e-02   5.963758e-04
   1.528692e+01   3.433942e+02   1.113197e-02   5.882804e-04
   1.531771e+01   3.609201e+02   1.133830e-02   5.798114e-04
   1.534856e+01   3.799157e+02   1.160929e-02   5.709979e-04
   1.537947e+01   4.003532e+02   1.194461e-02   5.618871e-04
   1.541044e+01   4.222024e+02   1.234289e-02   5.525388e-04
   1.544148e+01   4.453650e+02   1.279921e-02   5.430403e-04
   1.547258e+01   4.693727e+02   1.330157e-02   5.335148e-04
   1.550374e+01   4.938792e+02   1.383804e-02   5.240977e-04
   1.553496e+01   5.183874e+02   1.439461e-02   5.149271e-04
   1.556625e+01   5.423988e+02   1.495850e-02   5.061419e-04
   1.559760e+01   5.654676e+02   1.552228e-02   4.978397e-04
   1.562901e+01   5.874760e+02   1.608663e-02   4.901014e-04
   1.566049e+01   6.084765e+02   1.666521e-02   4.829036e-04
   1.569203e+01   6.288615e+02   1.728374e-02   4.761413e-04
   1.572363e+01   6.493420e+02   1.797835e-02   4.696503e-04
   1.575530e+01   6.707943e+02   1.879290e-02   4.632136e-04
   1.578703e+01   6.941620e+02   1.977530e-02   4.565920e-04
   1.581882e+01   7.203182e+02   2.097332e-02   4.495794e-04
   1.585068e+01   7.501472e+02   2.243223e-02   4.420530e-04
   1.588260e+01   7.843669e+02   2.419317e-02   4.339622e-04
   1.591459e+01   8.234052e+02   2.629199e-02   4.253187e-04
   1.594664e+01   8.675774e+02   2.875667e-02   4.162211e-04
   1.597876e+01   9.170550e+02   3.160469e-02   4.068388e-04
   1.601094e+01   9.715756e+02   3.483735e-02   3.973775e-04
   1.604318e+01   1.030580e+03   3.844028e-02   3.880773e-04
   1.607549e+01   1.093277e+03   4.237828e-02   3.792173e-04
   1.610787e+01   1.158516e+03   4.659101e-02   3.710874e-04
   1.614031e+01   1.224762e+03   5.099183e-02   3.639598e-04
   1.617281e+01   1.290297e+03   5.547911e-02   3.580492e-04
   1.620539e+01   1.353397e+03   5.993787e-02   3.535422e-04
   1.623802e+01   1.412307e+03   6.424258e-02   3.505786e-04
   1.627073e+01   1.465373e+03   6.826993e-02   3.492368e-04
   1.630349e+01   1.511229e+03   7.191942e-02   3.495174e-04
   1.633633e+01   1.548807e+03   7.510525e-02   3.514086e-04
   1.636923e+01   1.576863e+03   7.770257e-02   3.550165e-04
   1.640220e+01   1.594612e+03   7.963983e-02   3.603438e-04
   1.643523e+01   1.601813e+03   8.089487e-02   3.673477e-04
   1.646833e+01   1.598289e+03   8.144261e-02   3.760634e-04
   1.650150e+01   1.583850e+03   8.124080e-02   3.866193e-04
   1.653473e+01   1.558294e+03   8.023250e-02   3.992298e-04
   1.656803e+01   1.522672e+03   7.849338e-02   4.139251e-04
   1.660140e+01   1.478447e+03   7.612429e-02   4.306845e-04
   1.663483e+01   1.426956e+03   7.319497e-02   4.495128e-04
   1.666833e+01   1.369652e+03   6.977309e-02   4.703134e-04
   1.670190e+01   1.308542e+03   6.597118e-02   4.926689e-04
   1.673554e+01   1.245901e+03   6.195714e-02   5.158737e-04
   1.676924e+01   1.183708e+03   5.788026e-02   5.390690e-04
   1.680302e+01   1.123460e+03   5.382139e-02   5.612410e-04
   1.683686e+01   1.066476e+03   4.986796e-02   5.813607e-04
   1.687076e+01   1.013709e+03   4.609069e-02   5.985423e-04
   1.690474e+01   9.657419e+02   4.253330e-02   6.121749e-04
   1.693879e+01   9.227895e+02   3.923857e-02   6.220776e-04
   1.697290e+01   8.849169e+02   3.620748e-02   6.282062e-04
   1.700708e+01   8.521426e+02   3.344309e-02   6.307246e-04
   1.704133e+01   8.243811e+02   3.094021e-02   6.299599e-04
   1.707566e+01   8.014315e+02   2.868831e-02   6.263325e-04
   1.711004e+01   7.829006e+02   2.667540e-02   6.203606e-04
   1.714450e+01   7.684909e+02   2.488303e-02   6.124325e-04
   1.717903e+01   7.581134e+02   2.330132e-02   6.028903e-04
   1.721363e+01   7.518879e+02   2.192136e-02   5.919936e-04
   1.724830e+01   7.495088e+02   2.072935e-02   5.800694e-04
   1.728303e+01   7.508409e+02   1.971281e-02   5.673646e-04
   1.731784e+01   7.558277e+02   1.886303e-02   5.541034e-04
   1.735272e+01   7.644424e+02   1.817140e-02   5.404830e-04
   1.738767e+01   7.767097e+02   1.763167e-02   5.266922e-04
   1.742268e+01   7.928518e+02   1.724131e-02   5.129056e-04
   1.745777e+01   8.128639e+02   1.699262e-02   4.992892e-04
   1.749293e+01   8.365497e+02   1.687502e-02   4.859970e-04
   1.752816e+01   8.638388e+02   1.687960e-02   4.731514e-04
   1.756346e+01   8.944125e+02   1.699273e-02   4.608506e-04
   1.759883e+01   9.278612e+02   1.719863e-02   4.491627e-04
   1.763428e+01   9.635901e+02   1.747754e-02   4.381390e-04
   1.766979e+01   1.000560e+03   1.780317e-02   4.278056e-04
   1.770538e+01   1.037876e+03   1.815119e-02   4.181924e-04
   1.774104e+01   1.074145e+03   1.849409e-02   4.093093e-04
   1.777677e+01   1.108244e+03   1.881260e-02   4.011661e-04
   1.781257e+01   1.139368e+03   1.909742e-02   3.937782e-04
   1.784844e+01   1.167145e+03   1.935240e-02   3.871481e-04
   1.788439e+01   1.191734e+03   1.959489e-02   3.812599e-04
   1.792041e+01   1.213802e+03   1.985588e-02   3.760603e-04
   1.795650e+01   1.234619e+03   2.017792e-02   3.714773e-04
   1.799266e+01   1.255424e+03   2.060706e-02   3.673524e-04
   1.802890e+01   1.277855e+03   2.119432e-02   3.635387e-04
   1.806521e+01   1.303348e+03   2.198656e-02   3.598658e-04
   1.810159e+01   1.333281e+03   2.302926e-02   3.561897e-04
   1.813804e+01   1.368757e+03   2.436017e-02   3.524017e-04
   1.817457e+01   1.410586e+03   2.601041e-02   3.484427e-04
   1.821118e+01   1.459238e+03   2.800265e-02   3.443011e-04
   1.824785e+01   1.514639e+03   3.034424e-02   3.399936e-04
   1.828460e+01   1.576370e+03   3.303080e-02   3.355598e-04
   1.832143e+01   1.643633e+03   3.604627e-02   3.309978e-04
   1.835833e+01   1.715646e+03   3.936795e-02   3.262868e-04
   1.839530e+01   1.792060e+03   4.298204e-02   3.213635e-04
   1.843235e+01   1.873228e+03   4.689293e-02   3.161641e-04
   1.846947e+01   1.959933e+03   5.111641e-02   3.106701e-04
   1.850666e+01   2.052933e+03   5.566500e-02   3.049363e-04
   1.854394e+01   2.152574e+03   6.054146e-02   2.990726e-04
   1.858128e+01   2.258439e+03   6.572052e-02   2.932213e-04
   1.861870e+01   2.369232e+03   7.114945e-02   2.875201e-04
   1.865620e+01   2.483547e+03   7.675407e-02   2.820938e-04
   1.869377e+01   2.599260e+03   8.246204e-02   2.770144e-04
   1.873142e+01   2.714536e+03   8.818513e-02   2.723491e-04
   1.876915e+01   2.827465e+03   9.383710e-02   2.681397e-04
   1.880695e+01   2.936325e+03   9.934863e-02   2.643988e-04
   1.884482e+01   3.039565e+03   1.046470e-01   2.611418e-04
   1.888278e+01   3.135790e+03   1.096693e-01   2.583736e-04
   1.892080e+01   3.223814e+03   1.143626e-01   2.560912e-04
   1.895891e+01   3.302711e+03   1.186877e-01   2.542833e-04
   1.899709e+01   3.371849e+03   1.226177e-01   2.529328e-04
   1.903535e+01   3.430948e+03   1.261436e-01   2.520076e-04
   1.907369e+01   3.480140e+03   1.292753e-01   2.514585e-04
   1.911210e+01   3.519901e+03   1.320345e-01   2.512154e-04
   1.915059e+01   3.550997e+03   1.344520e-01   2.511883e-04
   1.918916e+01   3.574479e+03   1.365729e-01   2.512666e-04
   1.922781e+01   3.591356e+03   1.384250e-01   2.513423e-04
   1.926653e+01   3.602587e+03   1.400230e-01   2.513209e-04
   1.930533e+01   3.609184e+03   1.414107e-01   2.511455e-04
   1.934421e+01   3.611703e+03   1.425966e-01   2.508162e-04
   1.938317e+01   3.610378e+03   1.435658e-01   2.503848e-04
   1.942221e+01   3.605303e+03   1.442822e-01   2.499522e-04
   1.946132e+01   3.596302e+03   1.447319e-01   2.496423e-04
   1.950052e+01   3.583095e+03   1.448853e-01   2.495825e-04
   1.953979e+01   3.565279e+03   1.447082e-01   2.498942e-04
   1.957914e+01   3.542408e+03   1.441689e-01   2.506818e-04
   1.961857e+01   3.514043e+03   1.432396e-01   2.520316e-04
   1.965808e+01   3.479733e+03   1.418978e-01   2.540118e-04
   1.969768e+01   3.439033e+03   1.401262e-01   2.566799e-04
   1.973735e+01   3.391530e+03   1.379149e-01   2.600825e-04
   1.977710e+01   3.336844e+03   1.352628e-01   2.642612e-04
   1.981693e+01   3.274607e+03   1.321740e-01   2.692564e-04
   1.985684e+01   3.204521e+03   1.286591e-01   2.751048e-04
   1.989683e+01   3.126447e+03   1.247391e-01   2.818320e-04
   1.993690e+01   3.040468e+03   1.204415e-01   2.894469e-04
   1.997705e+01   2.947037e+03   1.158057e-01   2.979279e-04
   2.001728e+01   2.847079e+03   1.108838e-01   3.072063e-04
   2.005760e+01   2.742041e+03   1.057439e-01   3.171548e-04
   2.009799e+01   2.633822e+03   1.004675e-01   3.275839e-04
   2.013847e+01   2.524592e+03   9.514527e-02   3.382482e-04
   2.017903e+01   2.416551e+03   8.987156e-02   3.488735e-04
   2.021967e+01   2.311626e+03   8.473421e-02   3.591980e-04
   2.026039e+01   2.211180e+03   7.980525e-02   3.690304e-04
   2.030119e+01   2.115691e+03   7.512597e-02   3.783275e-04
   2.034208e+01   2.024497e+03   7.068569e-02   3.872529e-04
   2.038304e+01   1.935907e+03   6.640124e-02   3.961255e-04
   2.042409e+01   1.848407e+03   6.213779e-02   4.050802e-04
   2.046523e+01   1.762831e+03   5.781263e-02   4.135231e-04
   2.050644e+01   1.682991e+03   5.349922e-02   4.201332e-04
   2.054774e+01   1.613153e+03   4.938684e-02   4.238281e-04
   2.058912e+01   1.555189e+03   4.563630e-02   4.245450e-04
   2.063059e+01   1.508495e+03   4.230431e-02   4.229175e-04
   2.067214e+01   1.471519e+03   3.937438e-02   4.196419e-04
   2.071377e+01   1.442841e+03   3.680674e-02   4.152175e-04
   2.075549e+01   1.421404e+03   3.456229e-02   4.099626e-04
   2.079729e+01   1.406486e+03   3.261119e-02   4.040882e-04
   2.083917e+01   1.397584e+03   3.093331e-02   3.977512e-04
   2.088114e+01   1.394091e+03   2.950915e-02   3.910931e-04
   2.092320e+01   1.395688e+03   2.833221e-02   3.842402e-04
   2.096534e+01   1.401807e+03   2.739302e-02   3.773332e-04
   2.100756e+01   1.411297e+03   2.666265e-02   3.705070e-04
   2.104987e+01   1.423410e+03   2.612835e-02   3.638893e-04
   2.109226e+01   1.436940e+03   2.575853e-02   3.575892e-04
   2.113474e+01   1.450654e+03   2.550468e-02   3.516227e-04
   2.117730e+01   1.463747e+03   2.532620e-02   3.459554e-04
   2.121995e+01   1.475989e+03   2.518604e-02   3.404386e-04
   2.126269e+01   1.487813e+03   2.506414e-02   3.348592e-04
   2.130551e+01   1.500261e+03   2.496285e-02   3.289883e-04
   2.134842e+01   1.514667e+03   2.490306e-02   3.226405e-04
   2.139141e+01   1.532316e+03   2.491596e-02   3.157249e-04
   2.143450e+01   1.554198e+03   2.503434e-02   3.082581e-04
   2.147766e+01   1.580920e+03   2.528600e-02   3.003461e-04
   2.152092e+01   1.612644e+03   2.568794e-02   2.921514e-04
   2.156426e+01   1.649155e+03   2.624557e-02   2.838588e-04
   2.160769e+01   1.689983e+03   2.695481e-02   2.756495e-04
   2.165121e+01   1.734396e+03   2.780034e-02   2.676823e-04
   2.169481e+01   1.781622e+03   2.875929e-02   2.600901e-04
   2.173850e+01   1.830688e+03   2.980557e-02   2.529559e-04
   2.178228e+01   1.880899e+03   3.090609e-02   2.463622e-04
   2.182615e+01   1.931266e+03   3.203342e-02   2.403103e-04
   2.187011e+01   1.981187e+03   3.315942e-02   2.348099e-04
   2.191415e+01   2.030130e+03   3.426288e-02   2.298301e-04
   2.195829e+01   2.077792e+03   3.533003e-02   2.253304e-04
   2.200251e+01   2.124034e+03   3.635440e-02   2.212544e-04
   2.204682e+01   2.168910e+03   3.733910e-02   2.175356e-04
   2.209123e+01   2.212641e+03   3.829656e-02   2.140991e-04
   2.213572e+01   2.255594e+03   3.924807e-02   2.108622e-04
   2.218030e+01   2.298266e+03   4.022378e-02   2.077383e-04
   2.222497e+01   2.341197e+03   4.125629e-02   2.046418e-04
   2.226973e+01   2.385086e+03   4.239407e-02   2.014699e-04
   2.231458e+01   2.430445e+03   4.366675e-02   1.981535e-04
   2.235952e+01   2.478141e+03   4.514077e-02   1.945854e-04
   2.240455e+01   2.528754e+03   4.686235e-02   1.907059e-04
   2.244967e+01   2.582803e+03   4.887453e-02   1.864858e-04
   2.249488e+01   2.640616e+03   5.121144e-02   1.819316e-04
   2.254019e+01   2.702493e+03   5.390381e-02   1.770842e-04
   2.258558e+01   2.768498e+03   5.697080e-02   1.720159e-04
   2.263107e+01   2.838698e+03   6.042993e-02   1.668162e-04
   2.267664e+01   2.913060e+03   6.428773e-02   1.615904e-04
   2.272231e+01   2.991369e+03   6.854870e-02   1.564379e-04
   2.276808e+01   3.073198e+03   7.320746e-02   1.514465e-04
   2.281393e+01   3.157932e+03   7.825382e-02   1.466800e-04
   2.285988e+01   3.244851e+03   8.367026e-02   1.421819e-04
   2.290591e+01   3.333159e+03   8.943063e-02   1.379797e-04
   2.295205e+01   3.422142e+03   9.551142e-02   1.340813e-04
   2.299827e+01   3.511039e+03   1.018817e-01   1.304822e-04
   2.304459e+01   3.599205e+03   1.085080e-01   1.271733e-04
   2.309100e+01   3.686122e+03   1.153567e-01   1.241413e-04
   2.313750e+01   3.771190e+03   1.223904e-01   1.213606e-04
   2.318410e+01   3.853816e+03   1.295770e-01   1.187883e-04
   2.323079e+01   3.933560e+03   1.368844e-01   1.163898e-04
   2.327758e+01   4.009988e+03   1.442777e-01   1.141321e-04
   2.332446e+01   4.082647e+03   1.517246e-01   1.119817e-04
   2.337143e+01   4.150978e+03   1.591874e-01   1.099070e-04
   2.341850e+01   4.214223e+03   1.666141e-01   1.078853e-04
   2.346567e+01   4.271182e+03   1.739269e-01   1.059059e-04
   2.351292e+01   4.321027e+03   1.810784e-01   1.039292e-04
   2.356028e+01   4.362791e+03   1.880039e-01   1.019333e-04
   2.360773e+01   4.395439e+03   1.946266e-01   9.990362e-05
   2.365527e+01   4.417992e+03   2.008673e-01   9.782902e-05
   2.370291e+01   4.429555e+03   2.066415e-01   9.570312e-05
   2.375065e+01   4.428829e+03   2.118206e-01   9.353873e-05
   2.379848e+01   4.414511e+03   2.162629e-01   9.135476e-05
   2.384641e+01   4.386964e+03   2.199455e-01   8.914136e-05
   2.389444e+01   4.346089e+03   2.228012e-01   8.691405e-05
   2.394256e+01   4.291955e+03   2.247700e-01   8.469546e-05
   2.399078e+01   4.224848e+03   2.258062e-01   8.251306e-05
   2.403909e+01   4.145017e+03   2.258562e-01   8.040475e-05
   2.408751e+01   4.051128e+03   2.247026e-01   7.847311e-05
   2.413602e+01   3.945320e+03   2.224620e-01   7.671524e-05
   2.418463e+01   3.828746e+03   2.191776e-01   7.515033e-05
   2.423333e+01   3.702200e+03   2.148702e-01   7.380426e-05
   2.428214e+01   3.566543e+03   2.095785e-01   7.269725e-05
   2.433104e+01   3.422561e+03   2.033348e-01   7.185588e-05
   2.438004e+01   3.269582e+03   1.959306e-01   7.139157e-05
   2.442914e+01   3.111618e+03   1.877584e-01   7.119885e-05
   2.447834e+01   2.951148e+03   1.790215e-01   7.126380e-05
   2.452764e+01   2.790682e+03   1.699128e-01   7.159311e-05
   2.457704e+01   2.632798e+03   1.606318e-01   7.220230e-05
   2.462654e+01   2.479852e+03   1.512590e-01   7.316071e-05
   2.467613e+01   2.335081e+03   1.419383e-01   7.458826e-05
   2.472583e+01   2.200945e+03   1.330389e-01   7.654986e-05
   2.477563e+01   2.078494e+03   1.246656e-01   7.923215e-05
   2.482552e+01   1.968217e+03   1.168791e-01   8.288919e-05
   2.487552e+01   1.870780e+03   1.096903e-01   8.796942e-05
   2.492562e+01   1.787169e+03   1.031153e-01   9.529496e-05
   2.497582e+01   1.715783e+03   9.720600e-02   1.054047e-04
   2.502612e+01   1.654906e+03   9.194317e-02   1.187329e-04
   2.507652e+01   1.603234e+03   8.728546e-02   1.357158e-04
   2.512702e+01   1.559555e+03   8.318894e-02   1.567822e-04
   2.517763e+01   1.522561e+03   7.960651e-02   1.824233e-04
   2.522833e+01   1.489110e+03   7.645736e-02   2.114497e-04
   2.527914e+01   1.457187e+03   7.365405e-02   2.424820e-04
   2.533005e+01   1.425502e+03   7.111488e-02   2.742527e-04
   2.538107e+01   1.393096e+03   6.876003e-02   3.053901e-04
   2.543218e+01   1.359834e+03   6.649786e-02   3.337357e-04
   2.548340e+01   1.325395e+03   6.429984e-02   3.584422e-04
   2.553472e+01   1.289848e+03   6.213486e-02   3.791811e-04
   2.558615e+01   1.253495e+03   5.998105e-02   3.958445e-04
   2.563768e+01   1.216877e+03   5.782174e-02   4.083141e-04
   2.568931e+01   1.180899e+03   5.564645e-02   4.165556e-04
   2.574105e+01   1.145820e+03   5.348575e-02   4.218654e-04
   2.579289e+01   1.112229e+03   5.135230e-02   4.246542e-04
   2.584484e+01   1.080601e+03   4.925925e-02   4.252942e-04
   2.589689e+01   1.052255e+03   4.722261e-02   4.237936e-04
   2.594904e+01   1.027375e+03   4.527017e-02   4.207012e-04
   2.600130e+01   1.005689e+03   4.341253e-02   4.164047e-04
   2.605367e+01   9.872814e+02   4.165665e-02   4.110780e-04
   2.610614e+01   9.726203e+02   4.001708e-02   4.048117e-04
   2.615871e+01   9.625064e+02   3.852516e-02   3.976995e-04
   2.621140e+01   9.555658e+02   3.716248e-02   3.901340e-04
   2.626419e+01   9.516246e+02   3.592969e-02   3.822462e-04
   2.631708e+01   9.506536e+02   3.483347e-02   3.741470e-04
   2.637008e+01   9.530129e+02   3.390509e-02   3.659990e-04
   2.642319e+01   9.574730e+02   3.311759e-02   3.580074e-04
   2.647640e+01   9.634592e+02   3.245803e-02   3.502671e-04
   2.652973e+01   9.706046e+02   3.192119e-02   3.428637e-04
   2.658316e+01   9.786339e+02   3.152535e-02   3.361195e-04
   2.663669e+01   9.866006e+02   3.123227e-02   3.301353e-04
   2.669034e+01   9.940663e+02   3.101492e-02   3.249410e-04
   2.674409e+01   1.000794e+03   3.085733e-02   3.206407e-04
   2.679795e+01   1.006326e+03   3.074915e-02   3.177496e-04
   2.685192e+01   1.010576e+03   3.065607e-02   3.163265e-04
   2.690600e+01   1.013854e+03   3.056018e-02   3.162835e-04
   2.696019e+01   1.016425e+03   3.045382e-02   3.177147e-04
   2.701449e+01   1.018333e+03   3.032043e-02   3.211986e-04
   2.706889e+01   1.020230e+03   3.015684e-02   3.264753e-04
   2.712341e+01   1.022684e+03   2.997413e-02   3.332175e-04
   2.717803e+01   1.026018e+03   2.978031e-02   3.413308e-04
   2.723277e+01   1.030605e+03   2.956986e-02   3.508215e-04
   2.728761e+01   1.036839e+03   2.936512e-02   3.609199e-04
   2.734257e+01   1.044792e+03   2.918370e-02   3.711495e-04
   2.739764e+01   1.054496e+03   2.903382e-02   3.811360e-04
   2.745281e+01   1.066244e+03   2.891730e-02   3.900888e-04
   2.750810e+01   1.079654e+03   2.885432e-02   3.977056e-04
   2.756350e+01   1.094445e+03   2.885054e-02   4.038447e-04
   2.761901e+01   1.110449e+03   2.890794e-02   4.081832e-04
   2.767464e+01   1.127428e+03   2.902873e-02   4.103032e-04
   2.773037e+01   1.144746e+03   2.921559e-02   4.108284e-04
   2.778622e+01   1.162040e+03   2.946480e-02   4.098930e-04
   2.784218e+01   1.178918e+03   2.977095e-02   4.073328e-04
   2.789825e+01   1.194835e+03   3.012734e-02   4.035939e-04
   2.795444e+01   1.209460e+03   3.052669e-02   3.990831e-04
   2.801074e+01   1.222490e+03   3.096015e-02   3.939335e-04
   2.806715e+01   1.233187e+03   3.140930e-02   3.881480e-04
   2.812368e+01   1.241594e+03   3.186871e-02   3.821531e-04
   2.818032e+01   1.247567e+03   3.232820e-02   3.760289e-04
   2.823707e+01   1.250592e+03   3.276841e-02   3.698269e-04
   2.829394e+01   1.250445e+03   3.317484e-02   3.636831e-04
   2.835092e+01   1.247437e+03   3.354535e-02   3.576586e-04
   2.840802e+01   1.241511e+03   3.386956e-02   3.517756e-04
   2.846523e+01   1.231803e+03   3.411313e-02   3.461499e-04
   2.852256e+01   1.219200e+03   3.429001e-02   3.407546e-04
   2.858000e+01   1.203892e+03   3.439716e-02   3.355876e-04
   2.863756e+01   1.185254e+03   3.440416e-02   3.307643e-04
   2.869523e+01   1.163776e+03   3.431526e-02   3.262843e-04
   2.875302e+01   1.140179e+03   3.414700e-02   3.220958e-04
   2.881093e+01   1.114377e+03   3.388780e-02   3.182733e-04
   2.886896e+01   1.086199e+03   3.351673e-02   3.149515e-04
   2.892710e+01   1.056909e+03   3.307725e-02   3.119949e-04
   2.898535e+01   1.026752e+03   3.257446e-02   3.094398e-04
   2.904373e+01   9.953260e+02   3.197323e-02   3.075370e-04
   2.910222e+01   9.638672e+02   3.132663e-02   3.061077e-04
   2.916083e+01   9.327387e+02   3.065266e-02   3.051309e-04
   2.921956e+01   9.016513e+02   2.991587e-02   3.048927e-04
   2.927841e+01   8.714013e+02   2.915825e-02   3.052208e-04
   2.933737e+01   8.422282e+02   2.840284e-02   3.060227e-04
   2.939646e+01   8.140715e+02   2.762712e-02   3.074754e-04
   2.945566e+01   7.872738e+02   2.684741e-02   3.094678e-04
   2.951498e+01   7.618273e+02   2.608950e-02   3.118109e-04
   2.957442e+01   7.377512e+02   2.533870e-02   3.145468e-04
   2.963399e+01   7.153067e+02   2.459603e-02   3.175503e-04
   2.969367e+01   6.941307e+02   2.388316e-02   3.206292e-04
   2.975347e+01   6.742712e+02   2.319001e-02   3.237303e-04
   2.981339e+01   6.561180e+02   2.251265e-02   3.266704e-04
   2.987343e+01   6.389941e+02   2.186498e-02   3.293918e-04
   2.993360e+01   6.229764e+02   2.123996e-02   3.318215e-04
   2.999388e+01   6.086022e+02   2.063479e-02   3.337535e-04
   3.005429e+01   5.950093e+02   2.005537e-02   3.353140e-04
   3.011482e+01   5.823159e+02   1.949709e-02   3.364517e-04
   3.017547e+01   5.711109e+02   1.895983e-02   3.370003e-04
   3.023624e+01   5.605007e+02   1.844343e-02   3.371878e-04
   3.029713e+01   5.506513e+02   1.794536e-02   3.369833e-04
   3.035815e+01   5.421030e+02   1.746746e-02   3.362873e-04
   3.041929e+01   5.340343e+02   1.700609e-02   3.353230e-04
   3.048055e+01   5.266608e+02   1.656042e-02   3.340664e-04
   3.054194e+01   5.203988e+02   1.613273e-02   3.324755e-04
   3.060345e+01   5.145659e+02   1.571827e-02   3.307144e-04
   3.066508e+01   5.094204e+02   1.531761e-02   3.287602e-04
   3.072684e+01   5.052363e+02   1.493245e-02   3.266045e-04
   3.078872e+01   5.014652e+02   1.455817e-02   3.243526e-04
   3.085073e+01   4.984294e+02   1.419646e-02   3.219781e-04
   3.091286e+01   4.962374e+02   1.384784e-02   3.194917e-04
   3.097512e+01   4.944718e+02   1.350859e-02   3.169559e-04
   3.103750e+01   4.935314e+02   1.318136e-02   3.143406e-04
   3.110001e+01   4.933497e+02   1.286525e-02   3.116666e-04
   3.116264e+01   4.936284e+02   1.255755e-02   3.089686e-04
   3.122540e+01   4.948776e+02   1.226191e-02   3.062113e-04
   3.128829e+01   4.968177e+02   1.197591e-02   3.034257e-04
   3.135130e+01   4.992678e+02   1.169790e-02   3.006282e-04
   3.141444e+01   5.028929e+02   1.143274e-02   2.977761e-04
   3.147771e+01   5.071457e+02   1.117611e-02   2.949117e-04
   3.154111e+01   5.120807e+02   1.092827e-02   2.920314e-04
   3.160463e+01   5.182636e+02   1.069335e-02   2.891006e-04
   3.166828e+01   5.251003e+02   1.046689e-02   2.861581e-04
   3.173206e+01   5.329049e+02   1.025121e-02   2.831835e-04
   3.179596e+01   5.419329e+02   1.004836e-02   2.801610e-04
   3.186000e+01   5.517008e+02   9.854736e-03   2.771178e-04
   3.192416e+01   5.628225e+02   9.675183e-03   2.740147e-04
   3.198846e+01   5.750868e+02   9.508434e-03   2.708621e-04
   3.205288e+01   5.882185e+02   9.352387e-03   2.676732e-04
   3.211743e+01   6.031493e+02   9.215253e-03   2.643868e-04
   3.218212e+01   6.190884e+02   9.090940e-03   2.610483e-04
   3.224693e+01   6.362890e+02   8.981985e-03   2.576387e-04
   3.231187e+01   6.552761e+02   8.894253e-03   2.541205e-04
   3.237695e+01   6.753002e+02   8.821253e-03   2.505391e-04
   3.244215e+01   6.970998e+02   8.771413e-03   2.468450e-04
   3.250749e+01   7.203894e+02   8.743364e-03   2.430558e-04
   3.257296e+01   7.448433e+02   8.734160e-03   2.391942e-04
   3.263856e+01   7.713748e+02   8.757186e-03   2.352012e-04
   3.270429e+01   7.990172e+02   8.802156e-03   2.311461e-04
   3.277016e+01   8.281288e+02   8.875847e-03   2.270110e-04
   3.283615e+01   8.587532e+02   8.983141e-03   2.228020e-04
   3.290228e+01   8.902754e+02   9.115997e-03   2.185656e-04
   3.296855e+01   9.231922e+02   9.289367e-03   2.142836e-04
   3.303495e+01   9.567675e+02   9.493689e-03   2.100105e-04
   3.310148e+01   9.908997e+02   9.731305e-03   2.057598e-04
   3.316814e+01   1.025409e+03   1.001021e-02   2.015610e-04
   3.323494e+01   1.059766e+03   1.031824e-02   1.974361e-04
   3.330187e+01   1.093709e+03   1.066596e-02   1.934221e-04
   3.336894e+01   1.126747e+03   1.104465e-02   1.895401e-04
   3.343615e+01   1.158622e+03   1.145143e-02   1.857916e-04
   3.350348e+01   1.188478e+03   1.189027e-02   1.822635e-04
   3.357096e+01   1.216467e+03   1.234801e-02   1.788901e-04
   3.363857e+01   1.241539e+03   1.282690e-02   1.757777e-04
   3.370632e+01   1.263548e+03   1.331681e-02   1.729155e-04
   3.377420e+01   1.282518e+03   1.381323e-02   1.702660e-04
   3.384222e+01   1.296544e+03   1.430643e-02   1.680753e-04
   3.391038e+01   1.307278e+03   1.479212e-02   1.661019e-04
   3.397867e+01   1.312146e+03   1.525485e-02   1.647101e-04
   3.404710e+01   1.312119e+03   1.568807e-02   1.637904e-04
   3.411567e+01   1.307404e+03   1.609071e-02   1.633450e-04
   3.418438e+01   1.295034e+03   1.642692e-02   1.638959e-04
   3.425322e+01   1.279602e+03   1.673432e-02   1.648123e-04
   3.432221e+01   1.255759e+03   1.694856e-02   1.670436e-04
   3.439133e+01   1.229011e+03   1.712090e-02   1.697727e-04
   3.446059e+01   1.197936e+03   1.723129e-02   1.733111e-04
   3.452999e+01   1.163795e+03   1.727608e-02   1.773487e-04
   3.459954e+01   1.128923e+03   1.729975e-02   1.816294e-04
   3.466922e+01   1.092269e+03   1.724779e-02   1.858258e-04
   3.473904e+01   1.056364e+03   1.718950e-02   1.898619e-04
   3.480900e+01   1.020664e+03   1.709000e-02   1.933877e-04
   3.487911e+01   9.857665e+02   1.697291e-02   1.965269e-04
   3.494935e+01   9.516152e+02   1.683929e-02   1.992960e-04
   3.501974e+01   9.181735e+02   1.667598e-02   2.016910e-04
   3.509027e+01   8.855608e+02   1.651116e-02   2.039766e-04
   3.516094e+01   8.535940e+02   1.630952e-02   2.061242e-04
   3.523175e+01   8.224970e+02   1.610711e-02   2.083081e-04
   3.530270e+01   7.921996e+02   1.588440e-02   2.105611e-04
   3.537380e+01   7.628343e+02   1.565192e-02   2.129252e-04
   3.544504e+01   7.343820e+02   1.541487e-02   2.153882e-04
   3.551643e+01   7.070137e+02   1.516141e-02   2.179994e-04
   3.558796e+01   6.805378e+02   1.491561e-02   2.206687e-04
   3.565963e+01   6.553388e+02   1.465155e-02   2.234539e-04
   3.573145e+01   6.310155e+02   1.439738e-02   2.262582e-04
   3.580341e+01   6.078858e+02   1.413625e-02   2.290892e-04
   3.587551e+01   5.857316e+02   1.388011e-02   2.318979e-04
   3.594776e+01   5.645223e+02   1.362625e-02   2.346722e-04
   3.602016e+01   5.444379e+02   1.337350e-02   2.373549e-04
   3.609270e+01   5.249689e+02   1.312902e-02   2.399787e-04
   3.616539e+01   5.067837e+02   1.288321e-02   2.424209e-04
   3.623823e+01   4.889770e+02   1.264785e-02   2.447912e-04
   3.631121e+01   4.723812e+02   1.241243e-02   2.469179e-04
   3.638434e+01   4.561747e+02   1.218584e-02   2.489293e-04
   3.645762e+01   4.408482e+02   1.196234e-02   2.507034e-04
   3.653104e+01   4.260633e+02   1.174519e-02   2.522921e-04
   3.660461e+01   4.118479e+02   1.153292e-02   2.536763e-04
   3.667833e+01   3.983246e+02   1.132530e-02   2.548061e-04
   3.675220e+01   3.850971e+02   1.112341e-02   2.557822e-04
   3.682622e+01   3.727039e+02   1.092509e-02   2.564452e-04
   3.690038e+01   3.603781e+02   1.073270e-02   2.570119e-04
   3.697470e+01   3.490064e+02   1.054332e-02   2.572262e-04
   3.704917e+01   3.376721e+02   1.035934e-02   2.573553e-04
   3.712378e+01   3.270778e+02   1.017883e-02   2.572030e-04
   3.719855e+01   3.166632e+02   1.000288e-02   2.569348e-04
   3.727346e+01   3.067936e+02   9.830590e-03   2.564561e-04
   3.734853e+01   2.972335e+02   9.662365e-03   2.558419e-04
   3.742375e+01   2.880476e+02   9.497751e-03   2.550805e-04
   3.749912e+01   2.792823e+02   9.336950e-03   2.541760e-04
   3.757464e+01   2.707425e+02   9.179556e-03   2.531766e-04
   3.765031e+01   2.627136e+02   9.025917e-03   2.520372e-04
   3.772614e+01   2.547828e+02   8.875378e-03   2.508438e-04
   3.780212e+01   2.474344e+02   8.728643e-03   2.495207e-04
   3.787825e+01   2.400887e+02   8.584659e-03   2.481719e-04
   3.795453e+01   2.333552e+02   8.444541e-03   2.467118e-04
   3.803097e+01   2.266110e+02   8.306946e-03   2.452373e-04
   3.810756e+01   2.203845e+02   8.173036e-03   2.436855e-04
   3.818431e+01   2.142032e+02   8.041598e-03   2.421198e-04
   3.826121e+01   2.084365e+02   7.913569e-03   2.405052e-04
   3.833827e+01   2.027693e+02   7.788033e-03   2.388784e-04
   3.841548e+01   1.974249e+02   7.665604e-03   2.372238e-04
   3.849285e+01   1.922230e+02   7.545695e-03   2.355605e-04
   3.857037e+01   1.872709e+02   7.428584e-03   2.338837e-04
   3.864805e+01   1.824905e+02   7.314015e-03   2.322030e-04
   3.872588e+01   1.778982e+02   7.201947e-03   2.305185e-04
   3.880388e+01   1.734986e+02   7.092448e-03   2.288353e-04
   3.888203e+01   1.692378e+02   6.985177e-03   2.271550e-04
   3.896033e+01   1.651817e+02   6.880480e-03   2.254807e-04
   3.903880e+01   1.612250e+02   6.777760e-03   2.238134e-04
   3.911742e+01   1.574781e+02   6.677590e-03   2.221565e-04
   3.919620e+01   1.538000e+02   6.579172e-03   2.205085e-04
   3.927514e+01   1.503331e+02   6.483278e-03   2.188753e-04
   3.935424e+01   1.469117e+02   6.388944e-03   2.172521e-04
   3.943349e+01   1.436967e+02   6.297087e-03   2.156469e-04
   3.951291e+01   1.405092e+02   6.206625e-03   2.140521e-04
   3.959249e+01   1.375226e+02   6.118570e-03   2.124779e-04
   3.967223e+01   1.345512e+02   6.031769e-03   2.109140e-04
   3.975212e+01   1.317703e+02   5.947291e-03   2.093724e-04
   3.983218e+01   1.289958e+02   5.863950e-03   2.078408e-04
   3.991240e+01   1.264012e+02   5.782858e-03   2.063332e-04
   3.999279e+01   1.238076e+02   5.702812e-03   2.048354e-04
   4.007333e+01   1.213829e+02   5.624902e-03   2.033620e-04
   4.015403e+01   1.189565e+02   5.547963e-03   2.018980e-04
   4.023490e+01   1.166858e+02   5.473061e-03   2.004588e-04
   4.031593e+01   1.144124e+02   5.399071e-03   1.990288e-04
   4.039713e+01   1.122818e+02   5.327013e-03   1.976237e-04
   4.047849e+01   1.101491e+02   5.255823e-03   1.962275e-04
   4.056001e+01   1.081462e+02   5.186444e-03   1.948555e-04
   4.064169e+01   1.061432e+02   5.117902e-03   1.934924e-04
   4.072354e+01   1.042577e+02   5.051056e-03   1.921527e-04
   4.080556e+01   1.023748e+02   4.985027e-03   1.908221e-04
   4.088774e+01   1.005960e+02   4.920590e-03   1.895141e-04
   4.097009e+01   9.882304e+01   4.856959e-03   1.882154e-04
   4.105260e+01   9.714286e+01   4.794792e-03   1.869380e-04
   4.113528e+01   9.547274e+01   4.733426e-03   1.856701e-04
   4.121812e+01   9.388248e+01   4.673418e-03   1.844222e-04
   4.130113e+01   9.230610e+01   4.614215e-03   1.831844e-04
   4.138431e+01   9.079949e+01   4.556255e-03   1.819650e-04
   4.146766e+01   8.931154e+01   4.499104e-03   1.807561e-04
   4.155117e+01   8.788186e+01   4.443089e-03   1.795642e-04
   4.163485e+01   8.647483e+01   4.387893e-03   1.783834e-04
   4.171870e+01   8.511593e+01   4.333727e-03   1.772180e-04
   4.180272e+01   8.378414e+01   4.280396e-03   1.760643e-04
   4.188691e+01   8.249112e+01   4.227993e-03   1.749244e-04
   4.197127e+01   8.122991e+01   4.176439e-03   1.737968e-04
   4.205580e+01   7.999786e+01   4.125714e-03   1.726814e-04
   4.214050e+01   7.880149e+01   4.075855e-03   1.715791e-04
   4.222536e+01   7.762622e+01   4.026728e-03   1.704873e-04
   4.231040e+01   7.649163e+01   3.978484e-03   1.694093e-04
   4.239562e+01   7.536956e+01   3.930881e-03   1.683401e-04
   4.248100e+01   7.429116e+01   3.884187e-03   1.672855e-04
   4.256655e+01   7.321789e+01   3.838045e-03   1.662382e-04
   4.265228e+01   7.219226e+01   3.792831e-03   1.652064e-04
   4.273818e+01   7.116538e+01   3.748091e-03   1.641804e-04
   4.282425e+01   7.018954e+01   3.704279e-03   1.631700e-04
   4.291050e+01   6.921085e+01   3.660907e-03   1.621648e-04
   4.299692e+01   6.827659e+01   3.618410e-03   1.611747e-04
   4.308351e+01   6.734407e+01   3.576379e-03   1.601905e-04
   4.317028e+01   6.644708e+01   3.535121e-03   1.592193e-04
   4.325722e+01   6.555870e+01   3.494375e-03   1.582554e-04
   4.334434e+01   6.469604e+01   3.454301e-03   1.573024e-04
   4.343163e+01   6.384808e+01   3.414783e-03   1.563579e-04
   4.351910e+01   6.301809e+01   3.375844e-03   1.554224e-04
   4.360675e+01   6.220920e+01   3.337503e-03   1.544966e-04
   4.369457e+01   6.141038e+01   3.299656e-03   1.535781e-04
   4.378257e+01   6.063814e+01   3.262449e-03   1.526704e-04
   4.387075e+01   5.986859e+01   3.225652e-03   1.517683e-04
   4.395910e+01   5.913025e+01   3.189531e-03   1.508780e-04
   4.404763e+01   5.839004e+01   3.153763e-03   1.499923e-04
   4.413634e+01   5.768156e+01   3.118661e-03   1.491184e-04
   4.422523e+01   5.697351e+01   3.083920e-03   1.482493e-04
   4.431430e+01   5.628890e+01   3.049761e-03   1.473902e-04
   4.440354e+01   5.561131e+01   3.016014e-03   1.465372e-04
   4.449297e+01   5.494889e+01   2.982760e-03   1.456926e-04
   4.458258e+01   5.429916e+01   2.949969e-03   1.448554e-04
   4.467236e+01   5.365819e+01   2.917590e-03   1.440246e-04
   4.476233e+01   5.303664e+01   2.885717e-03   1.432026e-04
   4.485248e+01   5.241676e+01   2.854181e-03   1.423853e-04
   4.494281e+01   5.182035e+01   2.823193e-03   1.415779e-04
   4.503333e+01   5.122287e+01   2.792502e-03   1.407745e-04
   4.512402e+01   5.064734e+01   2.762333e-03   1.399806e-04
   4.521490e+01   5.007427e+01   2.732486e-03   1.391913e-04
   4.530596e+01   4.951567e+01   2.703078e-03   1.384096e-04
   4.539720e+01   4.896539e+01   2.674041e-03   1.376340e-04
   4.548863e+01   4.842312e+01   2.645368e-03   1.368643e-04
   4.558024e+01   4.789501e+01   2.617116e-03   1.361019e-04
   4.567204e+01   4.736845e+01   2.589155e-03   1.353437e-04
   4.576402e+01   4.686041e+01   2.561656e-03   1.345942e-04
   4.585619e+01   4.635169e+01   2.534419e-03   1.338482e-04
   4.594854e+01   4.586024e+01   2.507615e-03   1.331103e-04
   4.604108e+01   4.537178e+01   2.481101e-03   1.323767e-04
   4.613380e+01   4.489307e+01   2.454947e-03   1.316495e-04
   4.622671e+01   4.442236e+01   2.429131e-03   1.309280e-04
   4.631981e+01   4.395594e+01   2.403606e-03   1.302112e-04
   4.641310e+01   4.350328e+01   2.378462e-03   1.295015e-04
   4.650657e+01   4.305016e+01   2.353555e-03   1.287951e-04
   4.660023e+01   4.261342e+01   2.329049e-03   1.280963e-04
   4.669408e+01   4.217723e+01   2.304782e-03   1.274011e-04
   4.678812e+01   4.175135e+01   2.280854e-03   1.267120e-04
   4.688235e+01   4.133144e+01   2.257214e-03   1.260280e-04
   4.697677e+01   4.091595e+01   2.233844e-03   1.253484e-04
   4.707138e+01   4.051122e+01   2.210805e-03   1.246749e-04
   4.716618e+01   4.010619e+01   2.187980e-03   1.240045e-04
   4.726117e+01   3.971457e+01   2.165516e-03   1.233412e-04
   4.735635e+01   3.932323e+01   2.143267e-03   1.226812e-04
   4.745173e+01   3.894084e+01   2.121316e-03   1.220267e-04
   4.754729e+01   3.856407e+01   2.099627e-03   1.213768e-04
   4.764305e+01   3.819046e+01   2.078175e-03   1.207308e-04
   4.773900e+01   3.782684e+01   2.057023e-03   1.200906e-04
   4.783514e+01   3.746302e+01   2.036068e-03   1.194534e-04
   4.793148e+01   3.711071e+01   2.015425e-03   1.188223e-04
   4.802801e+01   3.675986e+01   1.994990e-03   1.181946e-04
   4.812474e+01   3.641458e+01   1.974806e-03   1.175715e-04
   4.822166e+01   3.607503e+01   1.954871e-03   1.169531e-04
   4.831878e+01   3.573650e+01   1.935133e-03   1.163378e-04
   4.841609e+01   3.540837e+01   1.915683e-03   1.157283e-04
   4.851360e+01   3.508016e+01   1.896414e-03   1.151216e-04
   4.861130e+01   3.476010e+01   1.877401e-03   1.145199e-04
   4.870920e+01   3.444364e+01   1.858598e-03   1.139220e-04
   4.880730e+01   3.412996e+01   1.839998e-03   1.133277e-04
   4.890559e+01   3.382378e+01   1.821648e-03   1.127383e-04
   4.900409e+01   3.351755e+01   1.803467e-03   1.121515e-04
   4.910278e+01   3.321946e+01   1.785538e-03   1.115700e-04
   4.920167e+01   3.292288e+01   1.767791e-03   1.109915e-04
   4.930076e+01   3.263056e+01   1.750245e-03   1.104168e-04
   4.940005e+01   3.234468e+01   1.732920e-03   1.098465e-04
   4.949954e+01   3.205878e+01   1.715753e-03   1.092787e-04
   4.959923e+01   3.177993e+01   1.698829e-03   1.087161e-04
   4.969912e+01   3.150150e+01   1.682065e-03   1.081561e-04
   4.979921e+01   3.122790e+01   1.665498e-03   1.076000e-04
   4.989950e+01   3.095958e+01   1.649130e-03   1.070478e-04
   5.000000e+01   3.069127e+01   1.632912e-03   1.064980e-04
