#============================================================================
# Opacities computed by OpTool
# Method:   DHS  fmax=  0.800
# Parameters:
#   amin [um]=      3.000 amax [um]=      3.000  na  =    1     apow=   3.5    
#   lmin [um]=      6.700 lmax [um]=     50.000  nlam= 1000     nang=   180
#   porosity =      0.000 p_mantle =      0.000  fmax= 0.80     chop=   0.0
# Composition:
#  Where   mfrac  rho   Material
#  -----   -----  ----  -----------------------------------------------------
#  core    0.333  3.30  /Users/jvarga/Dokumentumok/MATISSE/pro/optool/lnk_data/ad/oliSC_x_551K.lnk
#  core    0.333  3.30  /Users/jvarga/Dokumentumok/MATISSE/pro/optool/lnk_data/ad/oliSC_y_551K.lnk
#  core    0.333  3.30  /Users/jvarga/Dokumentumok/MATISSE/pro/optool/lnk_data/ad/oliSC_z_551K.lnk
#  - - -   - - -  -  -  - - - - - - - - - - - - - - - - - - - - - - - - - - -
#============================================================================
# Standard output file, no scattering matrix
#    iformat
#    nlambda
#    lambda[um]  kabs [cm^2/g]  ksca [cm^2/g]    g_asymmetry
#============================================================================
           3
        1000
   6.700000e+00   3.147285e+01   1.399452e+03   6.915126e-01
   6.713493e+00   3.169289e+01   1.388452e+03   6.912402e-01
   6.727014e+00   3.190837e+01   1.377434e+03   6.909751e-01
   6.740562e+00   3.213393e+01   1.366378e+03   6.907172e-01
   6.754137e+00   3.236304e+01   1.355308e+03   6.904667e-01
   6.767740e+00   3.258458e+01   1.344217e+03   6.902212e-01
   6.781370e+00   3.283247e+01   1.333061e+03   6.899850e-01
   6.795027e+00   3.305525e+01   1.321916e+03   6.897505e-01
   6.808712e+00   3.328738e+01   1.310727e+03   6.895219e-01
   6.822424e+00   3.353044e+01   1.299503e+03   6.892989e-01
   6.836164e+00   3.375689e+01   1.288249e+03   6.890788e-01
   6.849932e+00   3.400445e+01   1.276963e+03   6.888626e-01
   6.863727e+00   3.426135e+01   1.265622e+03   6.886502e-01
   6.877551e+00   3.451309e+01   1.254254e+03   6.884400e-01
   6.891402e+00   3.475636e+01   1.242868e+03   6.882297e-01
   6.905281e+00   3.501347e+01   1.231440e+03   6.880218e-01
   6.919188e+00   3.526835e+01   1.219998e+03   6.878121e-01
   6.933123e+00   3.551197e+01   1.208507e+03   6.876038e-01
   6.947086e+00   3.577285e+01   1.197000e+03   6.873939e-01
   6.961077e+00   3.603825e+01   1.185439e+03   6.871831e-01
   6.975096e+00   3.629401e+01   1.173885e+03   6.869688e-01
   6.989143e+00   3.654984e+01   1.162304e+03   6.867513e-01
   7.003219e+00   3.682331e+01   1.150673e+03   6.865322e-01
   7.017323e+00   3.709969e+01   1.139042e+03   6.863081e-01
   7.031456e+00   3.737440e+01   1.127390e+03   6.860792e-01
   7.045617e+00   3.765661e+01   1.115708e+03   6.858463e-01
   7.059806e+00   3.792286e+01   1.104030e+03   6.856058e-01
   7.074025e+00   3.820026e+01   1.092340e+03   6.853593e-01
   7.088271e+00   3.848612e+01   1.080621e+03   6.851070e-01
   7.102547e+00   3.875589e+01   1.068926e+03   6.848461e-01
   7.116851e+00   3.904967e+01   1.057216e+03   6.845797e-01
   7.131184e+00   3.931856e+01   1.045518e+03   6.843025e-01
   7.145546e+00   3.961287e+01   1.033804e+03   6.840185e-01
   7.159937e+00   3.990522e+01   1.022109e+03   6.837272e-01
   7.174356e+00   4.020900e+01   1.010396e+03   6.834263e-01
   7.188805e+00   4.048848e+01   9.987435e+02   6.831141e-01
   7.203283e+00   4.078692e+01   9.870616e+02   6.827954e-01
   7.217790e+00   4.108154e+01   9.754053e+02   6.824665e-01
   7.232326e+00   4.140469e+01   9.637804e+02   6.821296e-01
   7.246892e+00   4.170348e+01   9.521629e+02   6.817816e-01
   7.261487e+00   4.202446e+01   9.405822e+02   6.814257e-01
   7.276111e+00   4.232944e+01   9.290270e+02   6.810590e-01
   7.290765e+00   4.264156e+01   9.175118e+02   6.806840e-01
   7.305448e+00   4.296046e+01   9.060081e+02   6.802997e-01
   7.320161e+00   4.329112e+01   8.945193e+02   6.799083e-01
   7.334904e+00   4.362911e+01   8.830843e+02   6.795086e-01
   7.349676e+00   4.395707e+01   8.717061e+02   6.790997e-01
   7.364478e+00   4.429162e+01   8.603335e+02   6.786839e-01
   7.379309e+00   4.462006e+01   8.490223e+02   6.782597e-01
   7.394171e+00   4.497423e+01   8.377425e+02   6.778309e-01
   7.409062e+00   4.531711e+01   8.264985e+02   6.773955e-01
   7.423984e+00   4.566643e+01   8.153014e+02   6.769540e-01
   7.438935e+00   4.601504e+01   8.041649e+02   6.765076e-01
   7.453917e+00   4.640001e+01   7.930397e+02   6.760603e-01
   7.468929e+00   4.677674e+01   7.819675e+02   6.756081e-01
   7.483971e+00   4.713227e+01   7.709553e+02   6.751518e-01
   7.499043e+00   4.752628e+01   7.599777e+02   6.746964e-01
   7.514146e+00   4.790458e+01   7.490432e+02   6.742389e-01
   7.529279e+00   4.828747e+01   7.381505e+02   6.737814e-01
   7.544443e+00   4.869306e+01   7.273154e+02   6.733265e-01
   7.559637e+00   4.911302e+01   7.165350e+02   6.728735e-01
   7.574862e+00   4.950652e+01   7.057744e+02   6.724226e-01
   7.590117e+00   4.992817e+01   6.950719e+02   6.719774e-01
   7.605403e+00   5.035336e+01   6.844065e+02   6.715366e-01
   7.620720e+00   5.079825e+01   6.737827e+02   6.711036e-01
   7.636068e+00   5.122749e+01   6.632124e+02   6.706767e-01
   7.651447e+00   5.168972e+01   6.526813e+02   6.702604e-01
   7.666856e+00   5.214309e+01   6.421970e+02   6.698525e-01
   7.682297e+00   5.259688e+01   6.317609e+02   6.694549e-01
   7.697769e+00   5.307214e+01   6.213519e+02   6.690710e-01
   7.713272e+00   5.354831e+01   6.109873e+02   6.687002e-01
   7.728806e+00   5.404432e+01   6.006604e+02   6.683441e-01
   7.744371e+00   5.453771e+01   5.903838e+02   6.680029e-01
   7.759968e+00   5.503935e+01   5.801371e+02   6.676787e-01
   7.775596e+00   5.556018e+01   5.699296e+02   6.673731e-01
   7.791256e+00   5.610186e+01   5.597491e+02   6.670882e-01
   7.806947e+00   5.662525e+01   5.496277e+02   6.668210e-01
   7.822670e+00   5.717165e+01   5.395350e+02   6.665755e-01
   7.838425e+00   5.773190e+01   5.294796e+02   6.663529e-01
   7.854211e+00   5.828698e+01   5.194640e+02   6.661522e-01
   7.870029e+00   5.887320e+01   5.094829e+02   6.659779e-01
   7.885879e+00   5.945604e+01   4.995423e+02   6.658276e-01
   7.901760e+00   6.005155e+01   4.896389e+02   6.657033e-01
   7.917674e+00   6.067210e+01   4.797697e+02   6.656073e-01
   7.933620e+00   6.128935e+01   4.699439e+02   6.655378e-01
   7.949598e+00   6.194228e+01   4.601505e+02   6.654987e-01
   7.965608e+00   6.256653e+01   4.504025e+02   6.654859e-01
   7.981650e+00   6.322968e+01   4.406979e+02   6.655039e-01
   7.997725e+00   6.390852e+01   4.310248e+02   6.655535e-01
   8.013832e+00   6.458887e+01   4.214020e+02   6.656326e-01
   8.029972e+00   6.529640e+01   4.118311e+02   6.657429e-01
   8.046144e+00   6.600644e+01   4.022845e+02   6.658860e-01
   8.062348e+00   6.674063e+01   3.928031e+02   6.660600e-01
   8.078585e+00   6.748538e+01   3.833719e+02   6.662659e-01
   8.094855e+00   6.822425e+01   3.739882e+02   6.665025e-01
   8.111158e+00   6.899994e+01   3.646568e+02   6.667724e-01
   8.127493e+00   6.977588e+01   3.553980e+02   6.670730e-01
   8.143862e+00   7.059810e+01   3.461707e+02   6.674089e-01
   8.160263e+00   7.141211e+01   3.370306e+02   6.677727e-01
   8.176697e+00   7.224706e+01   3.279403e+02   6.681694e-01
   8.193165e+00   7.310454e+01   3.189216e+02   6.685969e-01
   8.209666e+00   7.399125e+01   3.099700e+02   6.690560e-01
   8.226199e+00   7.487891e+01   3.011053e+02   6.695425e-01
   8.242767e+00   7.578332e+01   2.923080e+02   6.700590e-01
   8.259367e+00   7.670509e+01   2.835993e+02   6.706026e-01
   8.276001e+00   7.766459e+01   2.749721e+02   6.711757e-01
   8.292669e+00   7.863793e+01   2.664286e+02   6.717751e-01
   8.309370e+00   7.962886e+01   2.579941e+02   6.723987e-01
   8.326104e+00   8.065358e+01   2.496348e+02   6.730493e-01
   8.342873e+00   8.168632e+01   2.413976e+02   6.737205e-01
   8.359675e+00   8.274972e+01   2.332604e+02   6.744144e-01
   8.376511e+00   8.384031e+01   2.252254e+02   6.751307e-01
   8.393381e+00   8.495653e+01   2.173075e+02   6.758658e-01
   8.410285e+00   8.612380e+01   2.095210e+02   6.766184e-01
   8.427223e+00   8.727482e+01   2.018445e+02   6.773877e-01
   8.444195e+00   8.849940e+01   1.943004e+02   6.781736e-01
   8.461201e+00   8.974190e+01   1.868964e+02   6.789715e-01
   8.478241e+00   9.100268e+01   1.796276e+02   6.797813e-01
   8.495316e+00   9.231340e+01   1.724971e+02   6.806029e-01
   8.512425e+00   9.366670e+01   1.655293e+02   6.814319e-01
   8.529569e+00   9.504849e+01   1.587081e+02   6.822688e-01
   8.546747e+00   9.647583e+01   1.520532e+02   6.831110e-01
   8.563960e+00   9.794825e+01   1.455584e+02   6.839583e-01
   8.581207e+00   9.946900e+01   1.392483e+02   6.848071e-01
   8.598489e+00   1.010516e+02   1.331145e+02   6.856589e-01
   8.615806e+00   1.026654e+02   1.271610e+02   6.865110e-01
   8.633158e+00   1.043434e+02   1.214098e+02   6.873618e-01
   8.650545e+00   1.060900e+02   1.158598e+02   6.882120e-01
   8.667967e+00   1.078853e+02   1.105149e+02   6.890613e-01
   8.685424e+00   1.097504e+02   1.053917e+02   6.899081e-01
   8.702916e+00   1.116926e+02   1.004965e+02   6.907539e-01
   8.720443e+00   1.137036e+02   9.584346e+01   6.915971e-01
   8.738005e+00   1.158039e+02   9.143586e+01   6.924421e-01
   8.755603e+00   1.179861e+02   8.728534e+01   6.932892e-01
   8.773237e+00   1.202708e+02   8.341455e+01   6.941387e-01
   8.790906e+00   1.226602e+02   7.982944e+01   6.949938e-01
   8.808610e+00   1.251448e+02   7.654214e+01   6.958581e-01
   8.826350e+00   1.277630e+02   7.357461e+01   6.967349e-01
   8.844126e+00   1.305056e+02   7.094341e+01   6.976242e-01
   8.861938e+00   1.333816e+02   6.866784e+01   6.985294e-01
   8.879785e+00   1.364192e+02   6.676914e+01   6.994509e-01
   8.897669e+00   1.396327e+02   6.527140e+01   7.003906e-01
   8.915588e+00   1.430060e+02   6.419848e+01   7.013412e-01
   8.933544e+00   1.465888e+02   6.358218e+01   7.022951e-01
   8.951535e+00   1.503880e+02   6.345599e+01   7.032372e-01
   8.969563e+00   1.544346e+02   6.384777e+01   7.041484e-01
   8.987628e+00   1.587504e+02   6.481504e+01   7.049991e-01
   9.005728e+00   1.633582e+02   6.638490e+01   7.057487e-01
   9.023865e+00   1.683103e+02   6.861802e+01   7.063471e-01
   9.042039e+00   1.736361e+02   7.155608e+01   7.067344e-01
   9.060249e+00   1.793773e+02   7.526992e+01   7.068406e-01
   9.078496e+00   1.855951e+02   7.984238e+01   7.065865e-01
   9.096780e+00   1.923544e+02   8.533310e+01   7.058827e-01
   9.115100e+00   1.997343e+02   9.183681e+01   7.046277e-01
   9.133458e+00   2.077895e+02   9.942607e+01   7.027114e-01
   9.151852e+00   2.166342e+02   1.082075e+02   7.000020e-01
   9.170283e+00   2.263709e+02   1.182903e+02   6.963364e-01
   9.188752e+00   2.370803e+02   1.297924e+02   6.915150e-01
   9.207258e+00   2.489158e+02   1.427993e+02   6.852836e-01
   9.225801e+00   2.618973e+02   1.573520e+02   6.773394e-01
   9.244381e+00   2.759743e+02   1.734121e+02   6.673538e-01
   9.262999e+00   2.911056e+02   1.908882e+02   6.549573e-01
   9.281654e+00   3.070904e+02   2.095386e+02   6.398859e-01
   9.300347e+00   3.234395e+02   2.289578e+02   6.222027e-01
   9.319077e+00   3.398338e+02   2.486351e+02   6.023862e-01
   9.337845e+00   3.560994e+02   2.677938e+02   5.815289e-01
   9.356651e+00   3.720516e+02   2.858601e+02   5.609539e-01
   9.375495e+00   3.877205e+02   3.021990e+02   5.418564e-01
   9.394377e+00   4.030266e+02   3.160551e+02   5.250918e-01
   9.413297e+00   4.175135e+02   3.266728e+02   5.109973e-01
   9.432255e+00   4.303129e+02   3.334795e+02   4.993980e-01
   9.451251e+00   4.405449e+02   3.359675e+02   4.899822e-01
   9.470285e+00   4.475259e+02   3.340156e+02   4.824359e-01
   9.489358e+00   4.510216e+02   3.280570e+02   4.765969e-01
   9.508469e+00   4.510860e+02   3.193258e+02   4.723285e-01
   9.527619e+00   4.481441e+02   3.097079e+02   4.696476e-01
   9.546807e+00   4.430999e+02   3.015596e+02   4.687626e-01
   9.566034e+00   4.373916e+02   2.971464e+02   4.701093e-01
   9.585299e+00   4.327375e+02   2.980063e+02   4.741302e-01
   9.604604e+00   4.305567e+02   3.046683e+02   4.808248e-01
   9.623947e+00   4.317541e+02   3.168956e+02   4.896724e-01
   9.643329e+00   4.366953e+02   3.340974e+02   4.998775e-01
   9.662750e+00   4.454004e+02   3.556332e+02   5.106650e-01
   9.682211e+00   4.576343e+02   3.809535e+02   5.214078e-01
   9.701710e+00   4.730242e+02   4.096424e+02   5.316401e-01
   9.721249e+00   4.910503e+02   4.413494e+02   5.409891e-01
   9.740827e+00   5.111444e+02   4.757732e+02   5.491516e-01
   9.760445e+00   5.327245e+02   5.125847e+02   5.558527e-01
   9.780102e+00   5.551092e+02   5.513865e+02   5.608394e-01
   9.799798e+00   5.774566e+02   5.916852e+02   5.639481e-01
   9.819535e+00   5.989465e+02   6.329705e+02   5.652102e-01
   9.839311e+00   6.190500e+02   6.747817e+02   5.648860e-01
   9.859127e+00   6.376300e+02   7.167724e+02   5.633855e-01
   9.878982e+00   6.548656e+02   7.587045e+02   5.611368e-01
   9.898878e+00   6.710887e+02   8.003804e+02   5.584847e-01
   9.918814e+00   6.866372e+02   8.416475e+02   5.556597e-01
   9.938790e+00   7.018237e+02   8.823196e+02   5.527878e-01
   9.958806e+00   7.168385e+02   9.221928e+02   5.499144e-01
   9.978863e+00   7.318743e+02   9.610554e+02   5.470316e-01
   9.998960e+00   7.471289e+02   9.986753e+02   5.440957e-01
   1.001910e+01   7.628205e+02   1.034828e+03   5.410422e-01
   1.003928e+01   7.793012e+02   1.069300e+03   5.377960e-01
   1.005949e+01   7.970710e+02   1.101834e+03   5.342721e-01
   1.007975e+01   8.168135e+02   1.132179e+03   5.303696e-01
   1.010005e+01   8.393354e+02   1.159883e+03   5.259880e-01
   1.012039e+01   8.653748e+02   1.184177e+03   5.210403e-01
   1.014078e+01   8.951193e+02   1.203680e+03   5.155080e-01
   1.016120e+01   9.277789e+02   1.216290e+03   5.095864e-01
   1.018166e+01   9.613881e+02   1.219702e+03   5.038137e-01
   1.020217e+01   9.931750e+02   1.212561e+03   4.989404e-01
   1.022272e+01   1.020744e+03   1.195548e+03   4.955397e-01
   1.024330e+01   1.042469e+03   1.170588e+03   4.936903e-01
   1.026393e+01   1.055033e+03   1.139382e+03   4.929729e-01
   1.028460e+01   1.054551e+03   1.105015e+03   4.929356e-01
   1.030532e+01   1.043042e+03   1.073410e+03   4.936196e-01
   1.032607e+01   1.028467e+03   1.049924e+03   4.953915e-01
   1.034687e+01   1.017819e+03   1.036121e+03   4.982447e-01
   1.036771e+01   1.013429e+03   1.030560e+03   5.016739e-01
   1.038859e+01   1.015562e+03   1.031016e+03   5.051502e-01
   1.040951e+01   1.023686e+03   1.035359e+03   5.081999e-01
   1.043047e+01   1.036685e+03   1.041989e+03   5.102695e-01
   1.045148e+01   1.052328e+03   1.050653e+03   5.106030e-01
   1.047253e+01   1.067214e+03   1.063940e+03   5.083633e-01
   1.049362e+01   1.077376e+03   1.086814e+03   5.032801e-01
   1.051475e+01   1.080624e+03   1.121017e+03   4.962027e-01
   1.053593e+01   1.078283e+03   1.160440e+03   4.889519e-01
   1.055715e+01   1.074095e+03   1.196116e+03   4.833361e-01
   1.057841e+01   1.070667e+03   1.223479e+03   4.801811e-01
   1.059971e+01   1.066964e+03   1.243953e+03   4.789030e-01
   1.062106e+01   1.061474e+03   1.260438e+03   4.789096e-01
   1.064245e+01   1.053855e+03   1.275916e+03   4.800041e-01
   1.066388e+01   1.044767e+03   1.293543e+03   4.820889e-01
   1.068536e+01   1.034926e+03   1.317171e+03   4.848401e-01
   1.070688e+01   1.026131e+03   1.349856e+03   4.880118e-01
   1.072844e+01   1.021643e+03   1.392226e+03   4.915554e-01
   1.075005e+01   1.024122e+03   1.442582e+03   4.952864e-01
   1.077170e+01   1.033098e+03   1.498775e+03   4.986834e-01
   1.079339e+01   1.045655e+03   1.558479e+03   5.011399e-01
   1.081513e+01   1.058264e+03   1.619482e+03   5.022967e-01
   1.083691e+01   1.068772e+03   1.680508e+03   5.022848e-01
   1.085874e+01   1.077388e+03   1.741479e+03   5.016476e-01
   1.088061e+01   1.086346e+03   1.802926e+03   5.010580e-01
   1.090252e+01   1.097984e+03   1.865794e+03   5.009321e-01
   1.092448e+01   1.113087e+03   1.930772e+03   5.013075e-01
   1.094648e+01   1.131059e+03   1.997850e+03   5.020019e-01
   1.096852e+01   1.150078e+03   2.066516e+03   5.027874e-01
   1.099061e+01   1.168590e+03   2.136013e+03   5.035632e-01
   1.101275e+01   1.186249e+03   2.205456e+03   5.043121e-01
   1.103493e+01   1.202699e+03   2.273904e+03   5.049984e-01
   1.105715e+01   1.217582e+03   2.340060e+03   5.055152e-01
   1.107942e+01   1.230225e+03   2.402444e+03   5.057103e-01
   1.110173e+01   1.239618e+03   2.459405e+03   5.054513e-01
   1.112409e+01   1.245040e+03   2.509509e+03   5.046337e-01
   1.114650e+01   1.245743e+03   2.551637e+03   5.032136e-01
   1.116894e+01   1.241558e+03   2.584976e+03   5.011943e-01
   1.119144e+01   1.232519e+03   2.609168e+03   4.986145e-01
   1.121398e+01   1.218806e+03   2.624312e+03   4.955316e-01
   1.123656e+01   1.200873e+03   2.630467e+03   4.920172e-01
   1.125919e+01   1.179013e+03   2.628261e+03   4.881415e-01
   1.128187e+01   1.153965e+03   2.617557e+03   4.839761e-01
   1.130459e+01   1.126086e+03   2.599375e+03   4.795890e-01
   1.132735e+01   1.096390e+03   2.573511e+03   4.750599e-01
   1.135017e+01   1.065614e+03   2.541589e+03   4.704683e-01
   1.137303e+01   1.035449e+03   2.502811e+03   4.659184e-01
   1.139593e+01   1.006555e+03   2.459885e+03   4.615007e-01
   1.141888e+01   9.805721e+02   2.412704e+03   4.573498e-01
   1.144188e+01   9.584126e+02   2.363627e+03   4.536092e-01
   1.146492e+01   9.418588e+02   2.312939e+03   4.505007e-01
   1.148801e+01   9.311946e+02   2.263221e+03   4.481813e-01
   1.151115e+01   9.272433e+02   2.215772e+03   4.468610e-01
   1.153433e+01   9.304780e+02   2.171791e+03   4.467002e-01
   1.155756e+01   9.370926e+02   2.135150e+03   4.473954e-01
   1.158084e+01   9.464425e+02   2.105979e+03   4.488104e-01
   1.160416e+01   9.556849e+02   2.085114e+03   4.505604e-01
   1.162753e+01   9.645632e+02   2.071381e+03   4.524909e-01
   1.165095e+01   9.739439e+02   2.062839e+03   4.545997e-01
   1.167441e+01   9.847837e+02   2.057555e+03   4.569358e-01
   1.169792e+01   9.977637e+02   2.052652e+03   4.595539e-01
   1.172148e+01   1.012333e+03   2.045419e+03   4.624690e-01
   1.174509e+01   1.027355e+03   2.032268e+03   4.656966e-01
   1.176874e+01   1.042145e+03   2.009881e+03   4.692910e-01
   1.179245e+01   1.056780e+03   1.976264e+03   4.732504e-01
   1.181620e+01   1.070850e+03   1.931126e+03   4.774080e-01
   1.183999e+01   1.083984e+03   1.877663e+03   4.815889e-01
   1.186384e+01   1.097346e+03   1.823218e+03   4.858045e-01
   1.188773e+01   1.113438e+03   1.776294e+03   4.902037e-01
   1.191167e+01   1.136960e+03   1.744332e+03   4.948115e-01
   1.193566e+01   1.163964e+03   1.744215e+03   4.969365e-01
   1.195970e+01   1.159327e+03   1.803386e+03   4.915307e-01
   1.198379e+01   1.111385e+03   1.882858e+03   4.837806e-01
   1.200792e+01   1.068887e+03   1.936409e+03   4.805220e-01
   1.203210e+01   1.039220e+03   1.972437e+03   4.800980e-01
   1.205634e+01   1.018248e+03   2.000441e+03   4.808969e-01
   1.208062e+01   1.002068e+03   2.024876e+03   4.821334e-01
   1.210495e+01   9.878412e+02   2.046766e+03   4.834116e-01
   1.212933e+01   9.720599e+02   2.066586e+03   4.844209e-01
   1.215375e+01   9.526911e+02   2.083497e+03   4.850947e-01
   1.217823e+01   9.300570e+02   2.096950e+03   4.856021e-01
   1.220276e+01   9.070938e+02   2.106918e+03   4.862537e-01
   1.222733e+01   8.862727e+02   2.114196e+03   4.872029e-01
   1.225196e+01   8.682951e+02   2.118687e+03   4.883817e-01
   1.227663e+01   8.516509e+02   2.119502e+03   4.895223e-01
   1.230136e+01   8.333360e+02   2.115136e+03   4.902760e-01
   1.232613e+01   8.105576e+02   2.103859e+03   4.903749e-01
   1.235096e+01   7.818868e+02   2.085107e+03   4.897382e-01
   1.237583e+01   7.481343e+02   2.059459e+03   4.884885e-01
   1.240075e+01   7.115301e+02   2.028543e+03   4.868776e-01
   1.242573e+01   6.746348e+02   1.994527e+03   4.851843e-01
   1.245075e+01   6.393806e+02   1.959243e+03   4.836375e-01
   1.247583e+01   6.069780e+02   1.924157e+03   4.823989e-01
   1.250095e+01   5.777618e+02   1.890074e+03   4.815549e-01
   1.252613e+01   5.519722e+02   1.857395e+03   4.811675e-01
   1.255136e+01   5.291838e+02   1.826216e+03   4.812345e-01
   1.257664e+01   5.091426e+02   1.796454e+03   4.817554e-01
   1.260196e+01   4.915038e+02   1.767919e+03   4.827108e-01
   1.262734e+01   4.758801e+02   1.740387e+03   4.840747e-01
   1.265278e+01   4.620070e+02   1.713585e+03   4.858212e-01
   1.267826e+01   4.495858e+02   1.687274e+03   4.879186e-01
   1.270379e+01   4.383800e+02   1.661214e+03   4.903362e-01
   1.272938e+01   4.281725e+02   1.635195e+03   4.930414e-01
   1.275501e+01   4.188091e+02   1.609001e+03   4.960044e-01
   1.278070e+01   4.101018e+02   1.582485e+03   4.991916e-01
   1.280644e+01   4.019558e+02   1.555478e+03   5.025729e-01
   1.283223e+01   3.942411e+02   1.527881e+03   5.061156e-01
   1.285807e+01   3.868668e+02   1.499594e+03   5.097895e-01
   1.288397e+01   3.797604e+02   1.470565e+03   5.135641e-01
   1.290992e+01   3.728486e+02   1.440776e+03   5.174085e-01
   1.293592e+01   3.660912e+02   1.410246e+03   5.212914e-01
   1.296197e+01   3.594571e+02   1.378971e+03   5.251905e-01
   1.298808e+01   3.529257e+02   1.347028e+03   5.290763e-01
   1.301423e+01   3.464513e+02   1.314538e+03   5.329217e-01
   1.304044e+01   3.400359e+02   1.281569e+03   5.367076e-01
   1.306671e+01   3.337039e+02   1.248250e+03   5.404116e-01
   1.309302e+01   3.274313e+02   1.214685e+03   5.440186e-01
   1.311939e+01   3.212379e+02   1.181029e+03   5.475107e-01
   1.314581e+01   3.151346e+02   1.147396e+03   5.508757e-01
   1.317229e+01   3.091216e+02   1.113931e+03   5.541016e-01
   1.319882e+01   3.032241e+02   1.080714e+03   5.571820e-01
   1.322540e+01   2.974292e+02   1.047891e+03   5.601076e-01
   1.325203e+01   2.917896e+02   1.015522e+03   5.628755e-01
   1.327872e+01   2.862879e+02   9.837025e+02   5.654819e-01
   1.330546e+01   2.809420e+02   9.525265e+02   5.679219e-01
   1.333226e+01   2.757660e+02   9.220348e+02   5.701973e-01
   1.335911e+01   2.707655e+02   8.922623e+02   5.723079e-01
   1.338602e+01   2.659200e+02   8.632621e+02   5.742540e-01
   1.341297e+01   2.612626e+02   8.350555e+02   5.760373e-01
   1.343999e+01   2.567840e+02   8.076499e+02   5.776619e-01
   1.346706e+01   2.524934e+02   7.810693e+02   5.791274e-01
   1.349418e+01   2.483844e+02   7.552994e+02   5.804398e-01
   1.352135e+01   2.444670e+02   7.303384e+02   5.816020e-01
   1.354859e+01   2.407118e+02   7.061767e+02   5.826174e-01
   1.357587e+01   2.371395e+02   6.828259e+02   5.834888e-01
   1.360321e+01   2.337605e+02   6.602342e+02   5.842219e-01
   1.363061e+01   2.305420e+02   6.383978e+02   5.848201e-01
   1.365806e+01   2.274849e+02   6.173073e+02   5.852869e-01
   1.368557e+01   2.246155e+02   5.969312e+02   5.856270e-01
   1.371313e+01   2.218924e+02   5.772549e+02   5.858442e-01
   1.374075e+01   2.193354e+02   5.582353e+02   5.859428e-01
   1.376842e+01   2.169339e+02   5.398714e+02   5.859271e-01
   1.379615e+01   2.146825e+02   5.221336e+02   5.858000e-01
   1.382393e+01   2.125851e+02   5.049883e+02   5.855669e-01
   1.385177e+01   2.106233e+02   4.884208e+02   5.852304e-01
   1.387967e+01   2.088110e+02   4.724178e+02   5.847946e-01
   1.390762e+01   2.071386e+02   4.569411e+02   5.842639e-01
   1.393563e+01   2.055846e+02   4.419885e+02   5.836399e-01
   1.396370e+01   2.041878e+02   4.275226e+02   5.829286e-01
   1.399182e+01   2.029095e+02   4.135381e+02   5.821314e-01
   1.402000e+01   2.017546e+02   4.000022e+02   5.812526e-01
   1.404824e+01   2.007317e+02   3.869019e+02   5.802951e-01
   1.407653e+01   1.998345e+02   3.742258e+02   5.792619e-01
   1.410488e+01   1.990675e+02   3.619549e+02   5.781567e-01
   1.413328e+01   1.984098e+02   3.500778e+02   5.769814e-01
   1.416175e+01   1.978794e+02   3.385710e+02   5.757394e-01
   1.419027e+01   1.974623e+02   3.274311e+02   5.744334e-01
   1.421885e+01   1.971626e+02   3.166380e+02   5.730657e-01
   1.424748e+01   1.969994e+02   3.061786e+02   5.716391e-01
   1.427618e+01   1.969413e+02   2.960474e+02   5.701558e-01
   1.430493e+01   1.969902e+02   2.862314e+02   5.686176e-01
   1.433374e+01   1.971794e+02   2.767193e+02   5.670281e-01
   1.436261e+01   1.974950e+02   2.675044e+02   5.653887e-01
   1.439153e+01   1.979073e+02   2.585784e+02   5.637004e-01
   1.442052e+01   1.984709e+02   2.499282e+02   5.619659e-01
   1.444956e+01   1.991394e+02   2.415498e+02   5.601864e-01
   1.447866e+01   1.999640e+02   2.334424e+02   5.583639e-01
   1.450782e+01   2.009090e+02   2.255955e+02   5.564996e-01
   1.453704e+01   2.019807e+02   2.180007e+02   5.545938e-01
   1.456631e+01   2.032047e+02   2.106596e+02   5.526484e-01
   1.459565e+01   2.045732e+02   2.035663e+02   5.506640e-01
   1.462504e+01   2.060854e+02   1.967199e+02   5.486407e-01
   1.465450e+01   2.077687e+02   1.901142e+02   5.465788e-01
   1.468401e+01   2.095974e+02   1.837479e+02   5.444774e-01
   1.471358e+01   2.116185e+02   1.776235e+02   5.423374e-01
   1.474322e+01   2.138087e+02   1.717404e+02   5.401570e-01
   1.477291e+01   2.161980e+02   1.660977e+02   5.379356e-01
   1.480266e+01   2.187876e+02   1.606981e+02   5.356697e-01
   1.483247e+01   2.215919e+02   1.555457e+02   5.333589e-01
   1.486234e+01   2.246169e+02   1.506432e+02   5.309993e-01
   1.489228e+01   2.278976e+02   1.459936e+02   5.285861e-01
   1.492227e+01   2.314330e+02   1.416026e+02   5.261160e-01
   1.495232e+01   2.352557e+02   1.374806e+02   5.235838e-01
   1.498243e+01   2.393797e+02   1.336315e+02   5.209815e-01
   1.501261e+01   2.438219e+02   1.300625e+02   5.183022e-01
   1.504284e+01   2.486206e+02   1.267881e+02   5.155382e-01
   1.507314e+01   2.538095e+02   1.238219e+02   5.126782e-01
   1.510350e+01   2.593975e+02   1.211703e+02   5.097119e-01
   1.513391e+01   2.654350e+02   1.188462e+02   5.066264e-01
   1.516439e+01   2.719664e+02   1.168727e+02   5.034077e-01
   1.519493e+01   2.789951e+02   1.152520e+02   5.000411e-01
   1.522553e+01   2.865832e+02   1.140067e+02   4.965115e-01
   1.525620e+01   2.947743e+02   1.131491e+02   4.928025e-01
   1.528692e+01   3.035411e+02   1.126780e+02   4.889016e-01
   1.531771e+01   3.129849e+02   1.126117e+02   4.847918e-01
   1.534856e+01   3.230409e+02   1.129331e+02   4.804662e-01
   1.537947e+01   3.336765e+02   1.136265e+02   4.759251e-01
   1.541044e+01   3.448641e+02   1.146701e+02   4.711748e-01
   1.544148e+01   3.565482e+02   1.160196e+02   4.662384e-01
   1.547258e+01   3.684859e+02   1.175974e+02   4.611578e-01
   1.550374e+01   3.805378e+02   1.193242e+02   4.560013e-01
   1.553496e+01   3.924710e+02   1.211053e+02   4.508558e-01
   1.556625e+01   4.040508e+02   1.228443e+02   4.458349e-01
   1.559760e+01   4.150227e+02   1.244620e+02   4.410541e-01
   1.562901e+01   4.252662e+02   1.258926e+02   4.366625e-01
   1.566049e+01   4.346699e+02   1.271378e+02   4.327662e-01
   1.569203e+01   4.432570e+02   1.282520e+02   4.294436e-01
   1.572363e+01   4.512029e+02   1.293380e+02   4.267506e-01
   1.575530e+01   4.587685e+02   1.305478e+02   4.246981e-01
   1.578703e+01   4.662818e+02   1.320613e+02   4.232438e-01
   1.581882e+01   4.740726e+02   1.340633e+02   4.223100e-01
   1.585068e+01   4.825091e+02   1.367133e+02   4.218221e-01
   1.588260e+01   4.919046e+02   1.401466e+02   4.216837e-01
   1.591459e+01   5.024352e+02   1.444614e+02   4.217805e-01
   1.594664e+01   5.142431e+02   1.497151e+02   4.220158e-01
   1.597876e+01   5.274358e+02   1.559315e+02   4.222949e-01
   1.601094e+01   5.419582e+02   1.630932e+02   4.225056e-01
   1.604318e+01   5.576779e+02   1.711605e+02   4.225378e-01
   1.607549e+01   5.744494e+02   1.800748e+02   4.222869e-01
   1.610787e+01   5.920601e+02   1.897515e+02   4.216527e-01
   1.614031e+01   6.102180e+02   2.000773e+02   4.205500e-01
   1.617281e+01   6.285943e+02   2.109219e+02   4.189228e-01
   1.620539e+01   6.468994e+02   2.221487e+02   4.167502e-01
   1.623802e+01   6.648421e+02   2.335948e+02   4.140485e-01
   1.627073e+01   6.821383e+02   2.450816e+02   4.108729e-01
   1.630349e+01   6.985123e+02   2.564403e+02   4.073105e-01
   1.633633e+01   7.137655e+02   2.675089e+02   4.034642e-01
   1.636923e+01   7.277643e+02   2.780508e+02   3.994485e-01
   1.640220e+01   7.403541e+02   2.878780e+02   3.953825e-01
   1.643523e+01   7.514584e+02   2.968700e+02   3.913727e-01
   1.646833e+01   7.610334e+02   3.049007e+02   3.875159e-01
   1.650150e+01   7.690867e+02   3.118010e+02   3.839132e-01
   1.653473e+01   7.756383e+02   3.173494e+02   3.806843e-01
   1.656803e+01   7.808104e+02   3.215686e+02   3.779102e-01
   1.660140e+01   7.847729e+02   3.245224e+02   3.756659e-01
   1.663483e+01   7.877006e+02   3.262029e+02   3.740511e-01
   1.666833e+01   7.897782e+02   3.265710e+02   3.731888e-01
   1.670190e+01   7.912152e+02   3.256491e+02   3.731938e-01
   1.673554e+01   7.921860e+02   3.236351e+02   3.741191e-01
   1.676924e+01   7.928229e+02   3.207338e+02   3.759929e-01
   1.680302e+01   7.931504e+02   3.169327e+02   3.788848e-01
   1.683686e+01   7.931571e+02   3.122875e+02   3.828062e-01
   1.687076e+01   7.927343e+02   3.068498e+02   3.877205e-01
   1.690474e+01   7.917510e+02   3.006369e+02   3.935552e-01
   1.693879e+01   7.900634e+02   2.937934e+02   4.001468e-01
   1.697290e+01   7.875299e+02   2.862845e+02   4.073404e-01
   1.700708e+01   7.840529e+02   2.781330e+02   4.148940e-01
   1.704133e+01   7.796259e+02   2.693931e+02   4.225136e-01
   1.707566e+01   7.743039e+02   2.601604e+02   4.298694e-01
   1.711004e+01   7.682093e+02   2.506242e+02   4.366350e-01
   1.714450e+01   7.615014e+02   2.409141e+02   4.425101e-01
   1.717903e+01   7.545014e+02   2.312146e+02   4.471964e-01
   1.721363e+01   7.476807e+02   2.217030e+02   4.504393e-01
   1.724830e+01   7.413536e+02   2.125841e+02   4.521361e-01
   1.728303e+01   7.358721e+02   2.040167e+02   4.522603e-01
   1.731784e+01   7.315881e+02   1.961502e+02   4.508577e-01
   1.735272e+01   7.288015e+02   1.890914e+02   4.480414e-01
   1.738767e+01   7.277826e+02   1.829309e+02   4.439722e-01
   1.742268e+01   7.288793e+02   1.777522e+02   4.388365e-01
   1.745777e+01   7.322237e+02   1.735768e+02   4.328576e-01
   1.749293e+01   7.377767e+02   1.703841e+02   4.262645e-01
   1.752816e+01   7.455684e+02   1.681464e+02   4.192597e-01
   1.756346e+01   7.554655e+02   1.667922e+02   4.120276e-01
   1.759883e+01   7.673036e+02   1.662316e+02   4.047251e-01
   1.763428e+01   7.808523e+02   1.663446e+02   3.974865e-01
   1.766979e+01   7.956196e+02   1.669619e+02   3.904230e-01
   1.770538e+01   8.112747e+02   1.679200e+02   3.836321e-01
   1.774104e+01   8.271048e+02   1.690178e+02   3.771948e-01
   1.777677e+01   8.425069e+02   1.700856e+02   3.711790e-01
   1.781257e+01   8.569623e+02   1.709950e+02   3.656537e-01
   1.784844e+01   8.700624e+02   1.716813e+02   3.606788e-01
   1.788439e+01   8.815856e+02   1.721571e+02   3.563066e-01
   1.792041e+01   8.915161e+02   1.725303e+02   3.525692e-01
   1.795650e+01   9.001812e+02   1.730014e+02   3.494974e-01
   1.799266e+01   9.078816e+02   1.738254e+02   3.470463e-01
   1.802890e+01   9.152536e+02   1.753077e+02   3.451779e-01
   1.806521e+01   9.228947e+02   1.777425e+02   3.438080e-01
   1.810159e+01   9.314552e+02   1.814082e+02   3.428462e-01
   1.813804e+01   9.414976e+02   1.865190e+02   3.421949e-01
   1.817457e+01   9.534662e+02   1.932162e+02   3.417691e-01
   1.821118e+01   9.676418e+02   2.015541e+02   3.415030e-01
   1.824785e+01   9.840215e+02   2.114612e+02   3.413405e-01
   1.828460e+01   1.002422e+03   2.227727e+02   3.412441e-01
   1.832143e+01   1.022382e+03   2.352334e+02   3.411525e-01
   1.835833e+01   1.043399e+03   2.485635e+02   3.409963e-01
   1.839530e+01   1.065102e+03   2.625656e+02   3.406806e-01
   1.843235e+01   1.087440e+03   2.772035e+02   3.401088e-01
   1.846947e+01   1.110691e+03   2.926022e+02   3.392011e-01
   1.850666e+01   1.135335e+03   3.089817e+02   3.379159e-01
   1.854394e+01   1.161840e+03   3.265766e+02   3.362564e-01
   1.858128e+01   1.190468e+03   3.455214e+02   3.342613e-01
   1.861870e+01   1.221126e+03   3.657983e+02   3.319930e-01
   1.865620e+01   1.253728e+03   3.873229e+02   3.295165e-01
   1.869377e+01   1.287703e+03   4.098781e+02   3.269009e-01
   1.873142e+01   1.322686e+03   4.332341e+02   3.242024e-01
   1.876915e+01   1.358227e+03   4.571258e+02   3.214702e-01
   1.880695e+01   1.393843e+03   4.813017e+02   3.187374e-01
   1.884482e+01   1.429168e+03   5.055146e+02   3.160300e-01
   1.888278e+01   1.463841e+03   5.295262e+02   3.133651e-01
   1.892080e+01   1.497542e+03   5.531110e+02   3.107560e-01
   1.895891e+01   1.529976e+03   5.760628e+02   3.082127e-01
   1.899709e+01   1.560907e+03   5.981958e+02   3.057445e-01
   1.903535e+01   1.590129e+03   6.193570e+02   3.033604e-01
   1.907369e+01   1.617495e+03   6.394377e+02   3.010671e-01
   1.911210e+01   1.642888e+03   6.583598e+02   2.988689e-01
   1.915059e+01   1.666226e+03   6.760761e+02   2.967656e-01
   1.918916e+01   1.687451e+03   6.926112e+02   2.947466e-01
   1.922781e+01   1.706508e+03   7.079573e+02   2.927944e-01
   1.926653e+01   1.723344e+03   7.220927e+02   2.908786e-01
   1.930533e+01   1.737971e+03   7.351946e+02   2.889520e-01
   1.934421e+01   1.750402e+03   7.473524e+02   2.869685e-01
   1.938317e+01   1.760686e+03   7.586077e+02   2.848850e-01
   1.942221e+01   1.768983e+03   7.689778e+02   2.826646e-01
   1.946132e+01   1.775529e+03   7.785876e+02   2.802970e-01
   1.950052e+01   1.780623e+03   7.874989e+02   2.777951e-01
   1.953979e+01   1.784609e+03   7.957457e+02   2.751977e-01
   1.957914e+01   1.787830e+03   8.033418e+02   2.725639e-01
   1.961857e+01   1.790603e+03   8.102791e+02   2.699646e-01
   1.965808e+01   1.793165e+03   8.165156e+02   2.674739e-01
   1.969768e+01   1.795668e+03   8.219786e+02   2.651629e-01
   1.973735e+01   1.798149e+03   8.265591e+02   2.630934e-01
   1.977710e+01   1.800536e+03   8.301216e+02   2.613163e-01
   1.981693e+01   1.802647e+03   8.324870e+02   2.598727e-01
   1.985684e+01   1.804192e+03   8.334362e+02   2.587959e-01
   1.989683e+01   1.804799e+03   8.327290e+02   2.581109e-01
   1.993690e+01   1.804037e+03   8.301008e+02   2.578383e-01
   1.997705e+01   1.801477e+03   8.253042e+02   2.579925e-01
   2.001728e+01   1.796728e+03   8.181342e+02   2.585805e-01
   2.005760e+01   1.789503e+03   8.084808e+02   2.595978e-01
   2.009799e+01   1.779667e+03   7.963572e+02   2.610265e-01
   2.013847e+01   1.767248e+03   7.819166e+02   2.628336e-01
   2.017903e+01   1.752455e+03   7.654629e+02   2.649721e-01
   2.021967e+01   1.735640e+03   7.474175e+02   2.673899e-01
   2.026039e+01   1.717247e+03   7.282769e+02   2.700428e-01
   2.030119e+01   1.697713e+03   7.085190e+02   2.729219e-01
   2.034208e+01   1.677335e+03   6.884212e+02   2.761036e-01
   2.038304e+01   1.656105e+03   6.677814e+02   2.798120e-01
   2.042409e+01   1.633662e+03   6.457465e+02   2.844173e-01
   2.046523e+01   1.609515e+03   6.212160e+02   2.902180e-01
   2.050644e+01   1.583449e+03   5.938043e+02   2.970635e-01
   2.054774e+01   1.555826e+03   5.643773e+02   3.042513e-01
   2.058912e+01   1.527479e+03   5.344819e+02   3.109514e-01
   2.063059e+01   1.499301e+03   5.053967e+02   3.166495e-01
   2.067214e+01   1.471967e+03   4.778231e+02   3.211696e-01
   2.071377e+01   1.445970e+03   4.520726e+02   3.245018e-01
   2.075549e+01   1.421696e+03   4.282773e+02   3.266904e-01
   2.079729e+01   1.399509e+03   4.065285e+02   3.277960e-01
   2.083917e+01   1.379762e+03   3.869270e+02   3.278922e-01
   2.088114e+01   1.362648e+03   3.695251e+02   3.270883e-01
   2.092320e+01   1.348458e+03   3.544518e+02   3.254932e-01
   2.096534e+01   1.337288e+03   3.417852e+02   3.232546e-01
   2.100756e+01   1.328729e+03   3.313587e+02   3.205642e-01
   2.104987e+01   1.322620e+03   3.231513e+02   3.175880e-01
   2.109226e+01   1.318419e+03   3.169233e+02   3.145190e-01
   2.113474e+01   1.315235e+03   3.121553e+02   3.115206e-01
   2.117730e+01   1.312364e+03   3.083794e+02   3.087223e-01
   2.121995e+01   1.309113e+03   3.050399e+02   3.061764e-01
   2.126269e+01   1.305020e+03   3.016821e+02   3.038512e-01
   2.130551e+01   1.299964e+03   2.980446e+02   3.016305e-01
   2.134842e+01   1.294147e+03   2.940852e+02   2.993361e-01
   2.139141e+01   1.288050e+03   2.899591e+02   2.967755e-01
   2.143450e+01   1.282335e+03   2.859574e+02   2.937924e-01
   2.147766e+01   1.277722e+03   2.824299e+02   2.903002e-01
   2.152092e+01   1.274841e+03   2.797004e+02   2.862925e-01
   2.156426e+01   1.274156e+03   2.780246e+02   2.818292e-01
   2.160769e+01   1.275957e+03   2.775846e+02   2.770139e-01
   2.165121e+01   1.280312e+03   2.784603e+02   2.719699e-01
   2.169481e+01   1.287229e+03   2.806653e+02   2.668194e-01
   2.173850e+01   1.296425e+03   2.841357e+02   2.616797e-01
   2.178228e+01   1.307906e+03   2.887916e+02   2.566523e-01
   2.182615e+01   1.321143e+03   2.944657e+02   2.518188e-01
   2.187011e+01   1.335947e+03   3.010132e+02   2.472444e-01
   2.191415e+01   1.351986e+03   3.082630e+02   2.429718e-01
   2.195829e+01   1.369016e+03   3.160716e+02   2.390275e-01
   2.200251e+01   1.386791e+03   3.243018e+02   2.354191e-01
   2.204682e+01   1.405109e+03   3.328504e+02   2.321382e-01
   2.209123e+01   1.423797e+03   3.416490e+02   2.291612e-01
   2.213572e+01   1.442701e+03   3.506627e+02   2.264512e-01
   2.218030e+01   1.461710e+03   3.599049e+02   2.239601e-01
   2.222497e+01   1.480725e+03   3.693952e+02   2.216349e-01
   2.226973e+01   1.499645e+03   3.792524e+02   2.194061e-01
   2.231458e+01   1.518417e+03   3.894911e+02   2.172208e-01
   2.235952e+01   1.536971e+03   4.003856e+02   2.149919e-01
   2.240455e+01   1.555270e+03   4.121313e+02   2.126523e-01
   2.244967e+01   1.573350e+03   4.249603e+02   2.101422e-01
   2.249488e+01   1.591237e+03   4.390992e+02   2.074139e-01
   2.254019e+01   1.609043e+03   4.548129e+02   2.044329e-01
   2.258558e+01   1.626861e+03   4.723330e+02   2.011842e-01
   2.263107e+01   1.644856e+03   4.919186e+02   1.976682e-01
   2.267664e+01   1.663220e+03   5.137899e+02   1.939041e-01
   2.272231e+01   1.682124e+03   5.381629e+02   1.899276e-01
   2.276808e+01   1.701688e+03   5.651816e+02   1.857895e-01
   2.281393e+01   1.721956e+03   5.949302e+02   1.815472e-01
   2.285988e+01   1.742917e+03   6.274237e+02   1.772598e-01
   2.290591e+01   1.764513e+03   6.626057e+02   1.729845e-01
   2.295205e+01   1.786672e+03   7.004074e+02   1.687693e-01
   2.299827e+01   1.809256e+03   7.406809e+02   1.646562e-01
   2.304459e+01   1.832147e+03   7.832548e+02   1.606786e-01
   2.309100e+01   1.855259e+03   8.279462e+02   1.568614e-01
   2.313750e+01   1.878395e+03   8.744893e+02   1.532186e-01
   2.318410e+01   1.901215e+03   9.225613e+02   1.497504e-01
   2.323079e+01   1.923482e+03   9.718664e+02   1.464514e-01
   2.327758e+01   1.944973e+03   1.022099e+03   1.433115e-01
   2.332446e+01   1.965478e+03   1.072973e+03   1.403145e-01
   2.337143e+01   1.984787e+03   1.124193e+03   1.374414e-01
   2.341850e+01   2.002736e+03   1.175449e+03   1.346738e-01
   2.346567e+01   2.019210e+03   1.226383e+03   1.319955e-01
   2.351292e+01   2.033848e+03   1.276653e+03   1.293809e-01
   2.356028e+01   2.046446e+03   1.325946e+03   1.268109e-01
   2.360773e+01   2.056840e+03   1.373925e+03   1.242702e-01
   2.365527e+01   2.064892e+03   1.420273e+03   1.217459e-01
   2.370291e+01   2.070493e+03   1.464656e+03   1.192280e-01
   2.375065e+01   2.073584e+03   1.506587e+03   1.167146e-01
   2.379848e+01   2.074112e+03   1.545496e+03   1.142065e-01
   2.384641e+01   2.072038e+03   1.581250e+03   1.116932e-01
   2.389444e+01   2.067409e+03   1.613566e+03   1.091728e-01
   2.394256e+01   2.060310e+03   1.642177e+03   1.066453e-01
   2.399078e+01   2.050863e+03   1.666868e+03   1.041115e-01
   2.403909e+01   2.039225e+03   1.687385e+03   1.015764e-01
   2.408751e+01   2.025638e+03   1.702721e+03   9.907315e-02
   2.413602e+01   2.010333e+03   1.713301e+03   9.659583e-02
   2.418463e+01   1.993561e+03   1.719281e+03   9.415028e-02
   2.423333e+01   1.975599e+03   1.720722e+03   9.174967e-02
   2.428214e+01   1.956737e+03   1.717749e+03   8.940985e-02
   2.433104e+01   1.937303e+03   1.710399e+03   8.715626e-02
   2.438004e+01   1.917937e+03   1.697263e+03   8.508969e-02
   2.442914e+01   1.898826e+03   1.679946e+03   8.318896e-02
   2.447834e+01   1.880271e+03   1.659017e+03   8.147705e-02
   2.452764e+01   1.862576e+03   1.634891e+03   7.998840e-02
   2.457704e+01   1.846012e+03   1.607981e+03   7.876112e-02
   2.462654e+01   1.831041e+03   1.577895e+03   7.788400e-02
   2.467613e+01   1.818061e+03   1.544638e+03   7.742522e-02
   2.472583e+01   1.806671e+03   1.510175e+03   7.731312e-02
   2.477563e+01   1.796771e+03   1.474975e+03   7.754874e-02
   2.482552e+01   1.788182e+03   1.439437e+03   7.811594e-02
   2.487552e+01   1.780856e+03   1.403730e+03   7.899116e-02
   2.492562e+01   1.774919e+03   1.368262e+03   8.012078e-02
   2.497582e+01   1.769963e+03   1.334188e+03   8.138868e-02
   2.502612e+01   1.765779e+03   1.302130e+03   8.271343e-02
   2.507652e+01   1.762425e+03   1.272528e+03   8.404098e-02
   2.512702e+01   1.760184e+03   1.245823e+03   8.535943e-02
   2.517763e+01   1.759778e+03   1.222448e+03   8.681201e-02
   2.522833e+01   1.760834e+03   1.202310e+03   8.854228e-02
   2.527914e+01   1.762907e+03   1.184916e+03   9.067512e-02
   2.533005e+01   1.765668e+03   1.169636e+03   9.337501e-02
   2.538107e+01   1.768635e+03   1.155604e+03   9.684317e-02
   2.543218e+01   1.771134e+03   1.140864e+03   1.014863e-01
   2.548340e+01   1.771703e+03   1.125103e+03   1.069340e-01
   2.553472e+01   1.769613e+03   1.107844e+03   1.130746e-01
   2.558615e+01   1.764362e+03   1.088651e+03   1.197997e-01
   2.563768e+01   1.755814e+03   1.067061e+03   1.270054e-01
   2.568931e+01   1.744349e+03   1.042714e+03   1.345677e-01
   2.574105e+01   1.730470e+03   1.016632e+03   1.423511e-01
   2.579289e+01   1.714741e+03   9.890344e+02   1.503411e-01
   2.584484e+01   1.697659e+03   9.601696e+02   1.585192e-01
   2.589689e+01   1.679776e+03   9.300426e+02   1.667543e-01
   2.594904e+01   1.661180e+03   8.993362e+02   1.748860e-01
   2.600130e+01   1.641810e+03   8.684976e+02   1.827885e-01
   2.605367e+01   1.621655e+03   8.377892e+02   1.902648e-01
   2.610614e+01   1.600817e+03   8.075387e+02   1.970060e-01
   2.615871e+01   1.579663e+03   7.783708e+02   2.025515e-01
   2.621140e+01   1.558144e+03   7.505327e+02   2.069446e-01
   2.626419e+01   1.536558e+03   7.242705e+02   2.100671e-01
   2.631708e+01   1.515337e+03   6.998947e+02   2.118035e-01
   2.637008e+01   1.495313e+03   6.781218e+02   2.118855e-01
   2.642319e+01   1.476477e+03   6.588056e+02   2.106193e-01
   2.647640e+01   1.458938e+03   6.418734e+02   2.081892e-01
   2.652973e+01   1.442848e+03   6.273398e+02   2.047147e-01
   2.658316e+01   1.428739e+03   6.157433e+02   2.001318e-01
   2.663669e+01   1.416202e+03   6.065448e+02   1.948026e-01
   2.669034e+01   1.404966e+03   5.993164e+02   1.889581e-01
   2.674409e+01   1.394947e+03   5.938494e+02   1.827203e-01
   2.679795e+01   1.386426e+03   5.902659e+02   1.761586e-01
   2.685192e+01   1.379159e+03   5.879759e+02   1.695122e-01
   2.690600e+01   1.372981e+03   5.865620e+02   1.629001e-01
   2.696019e+01   1.367944e+03   5.858727e+02   1.563751e-01
   2.701449e+01   1.364547e+03   5.858417e+02   1.501138e-01
   2.706889e+01   1.362745e+03   5.861637e+02   1.442165e-01
   2.712341e+01   1.362441e+03   5.867787e+02   1.386559e-01
   2.717803e+01   1.363740e+03   5.877296e+02   1.334489e-01
   2.723277e+01   1.367281e+03   5.889161e+02   1.289033e-01
   2.728761e+01   1.372773e+03   5.904025e+02   1.249353e-01
   2.734257e+01   1.379984e+03   5.923509e+02   1.214371e-01
   2.739764e+01   1.388965e+03   5.948437e+02   1.184608e-01
   2.745281e+01   1.400236e+03   5.977266e+02   1.164336e-01
   2.750810e+01   1.413032e+03   6.012759e+02   1.149992e-01
   2.756350e+01   1.427151e+03   6.055944e+02   1.141184e-01
   2.761901e+01   1.442605e+03   6.106300e+02   1.139686e-01
   2.767464e+01   1.459286e+03   6.162115e+02   1.147901e-01
   2.773037e+01   1.476545e+03   6.225850e+02   1.162055e-01
   2.778622e+01   1.494199e+03   6.296953e+02   1.182745e-01
   2.784218e+01   1.511999e+03   6.372176e+02   1.212486e-01
   2.789825e+01   1.529456e+03   6.451141e+02   1.249789e-01
   2.795444e+01   1.546309e+03   6.533997e+02   1.293572e-01
   2.801074e+01   1.562269e+03   6.618821e+02   1.344257e-01
   2.806715e+01   1.576591e+03   6.699750e+02   1.402432e-01
   2.812368e+01   1.589249e+03   6.778942e+02   1.465996e-01
   2.818032e+01   1.599970e+03   6.854501e+02   1.534744e-01
   2.823707e+01   1.608139e+03   6.921992e+02   1.607820e-01
   2.829394e+01   1.613455e+03   6.979830e+02   1.683657e-01
   2.835092e+01   1.616002e+03   7.028904e+02   1.761648e-01
   2.840802e+01   1.615554e+03   7.067574e+02   1.840697e-01
   2.846523e+01   1.611548e+03   7.090936e+02   1.917959e-01
   2.852256e+01   1.604521e+03   7.102780e+02   1.993717e-01
   2.858000e+01   1.594548e+03   7.103094e+02   2.066977e-01
   2.863756e+01   1.581524e+03   7.088735e+02   2.135360e-01
   2.869523e+01   1.565894e+03   7.061535e+02   2.198710e-01
   2.875302e+01   1.548087e+03   7.024076e+02   2.257103e-01
   2.881093e+01   1.528368e+03   6.975686e+02   2.309459e-01
   2.886896e+01   1.507133e+03   6.914863e+02   2.355165e-01
   2.892710e+01   1.484865e+03   6.846534e+02   2.395344e-01
   2.898535e+01   1.461893e+03   6.771473e+02   2.429841e-01
   2.904373e+01   1.438666e+03   6.686081e+02   2.458570e-01
   2.910222e+01   1.415458e+03   6.595744e+02   2.482680e-01
   2.916083e+01   1.392475e+03   6.502378e+02   2.502459e-01
   2.921956e+01   1.370193e+03   6.401670e+02   2.518645e-01
   2.927841e+01   1.348685e+03   6.297849e+02   2.532024e-01
   2.933737e+01   1.327966e+03   6.193606e+02   2.542852e-01
   2.939646e+01   1.308408e+03   6.085718e+02   2.552315e-01
   2.945566e+01   1.290076e+03   5.975656e+02   2.561156e-01
   2.951498e+01   1.272743e+03   5.867098e+02   2.569181e-01
   2.957442e+01   1.256643e+03   5.757682e+02   2.577637e-01
   2.963399e+01   1.241887e+03   5.646856e+02   2.587527e-01
   2.969367e+01   1.228052e+03   5.538612e+02   2.598038e-01
   2.975347e+01   1.215236e+03   5.431154e+02   2.610258e-01
   2.981339e+01   1.203537e+03   5.322877e+02   2.625360e-01
   2.987343e+01   1.192444e+03   5.217387e+02   2.642060e-01
   2.993360e+01   1.181936e+03   5.113215e+02   2.661164e-01
   2.999388e+01   1.172012e+03   5.008589e+02   2.683540e-01
   3.005429e+01   1.162205e+03   4.906303e+02   2.707810e-01
   3.011482e+01   1.152405e+03   4.805145e+02   2.734365e-01
   3.017547e+01   1.142507e+03   4.703711e+02   2.763240e-01
   3.023624e+01   1.132180e+03   4.603892e+02   2.793393e-01
   3.029713e+01   1.121295e+03   4.504765e+02   2.824682e-01
   3.035815e+01   1.109791e+03   4.405604e+02   2.856214e-01
   3.041929e+01   1.097483e+03   4.307511e+02   2.887587e-01
   3.048055e+01   1.084337e+03   4.209937e+02   2.918197e-01
   3.054194e+01   1.070490e+03   4.112798e+02   2.946739e-01
   3.060345e+01   1.055849e+03   4.016626e+02   2.973475e-01
   3.066508e+01   1.040570e+03   3.921273e+02   2.997605e-01
   3.072684e+01   1.024971e+03   3.827025e+02   3.018122e-01
   3.078872e+01   1.008955e+03   3.734008e+02   3.035768e-01
   3.085073e+01   9.928735e+02   3.642374e+02   3.049764e-01
   3.091286e+01   9.770378e+02   3.552439e+02   3.059793e-01
   3.097512e+01   9.612946e+02   3.464095e+02   3.066753e-01
   3.103750e+01   9.461412e+02   3.377714e+02   3.069937e-01
   3.110001e+01   9.316926e+02   3.293388e+02   3.069645e-01
   3.116264e+01   9.177541e+02   3.210906e+02   3.066668e-01
   3.122540e+01   9.049633e+02   3.130821e+02   3.060264e-01
   3.128829e+01   8.931082e+02   3.052928e+02   3.051213e-01
   3.135130e+01   8.820226e+02   2.977040e+02   3.040046e-01
   3.141444e+01   8.725213e+02   2.903919e+02   3.025870e-01
   3.147771e+01   8.639893e+02   2.832983e+02   3.009834e-01
   3.154111e+01   8.564898e+02   2.764282e+02   2.992021e-01
   3.160463e+01   8.507005e+02   2.698506e+02   2.971774e-01
   3.166828e+01   8.458974e+02   2.634961e+02   2.950144e-01
   3.173206e+01   8.424361e+02   2.574037e+02   2.926820e-01
   3.179596e+01   8.406021e+02   2.516115e+02   2.901609e-01
   3.186000e+01   8.397806e+02   2.460564e+02   2.875260e-01
   3.192416e+01   8.406710e+02   2.408253e+02   2.847087e-01
   3.198846e+01   8.429859e+02   2.358970e+02   2.817460e-01
   3.205288e+01   8.463552e+02   2.312306e+02   2.786771e-01
   3.211743e+01   8.518452e+02   2.269794e+02   2.753958e-01
   3.218212e+01   8.584794e+02   2.230288e+02   2.720026e-01
   3.224693e+01   8.665122e+02   2.194242e+02   2.684722e-01
   3.231187e+01   8.765315e+02   2.162772e+02   2.647449e-01
   3.237695e+01   8.876088e+02   2.134597e+02   2.609138e-01
   3.244215e+01   9.005865e+02   2.111327e+02   2.568948e-01
   3.250749e+01   9.151140e+02   2.092675e+02   2.527234e-01
   3.257296e+01   9.307523e+02   2.078009e+02   2.484461e-01
   3.263856e+01   9.486431e+02   2.069949e+02   2.439490e-01
   3.270429e+01   9.675868e+02   2.066418e+02   2.393587e-01
   3.277016e+01   9.880413e+02   2.068719e+02   2.346351e-01
   3.283615e+01   1.010185e+03   2.077826e+02   2.297674e-01
   3.290228e+01   1.033170e+03   2.092066e+02   2.248497e-01
   3.296855e+01   1.057943e+03   2.114480e+02   2.197970e-01
   3.303495e+01   1.083548e+03   2.143126e+02   2.147157e-01
   3.310148e+01   1.109959e+03   2.178471e+02   2.096165e-01
   3.316814e+01   1.137497e+03   2.222297e+02   2.044839e-01
   3.323494e+01   1.165165e+03   2.272031e+02   1.994120e-01
   3.330187e+01   1.193443e+03   2.330113e+02   1.943727e-01
   3.336894e+01   1.221636e+03   2.394791e+02   1.894315e-01
   3.343615e+01   1.249433e+03   2.465494e+02   1.846053e-01
   3.350348e+01   1.276998e+03   2.543704e+02   1.799182e-01
   3.357096e+01   1.303509e+03   2.626320e+02   1.753927e-01
   3.363857e+01   1.329133e+03   2.714738e+02   1.710608e-01
   3.370632e+01   1.353382e+03   2.806974e+02   1.669511e-01
   3.377420e+01   1.376080e+03   2.902116e+02   1.630327e-01
   3.384222e+01   1.397046e+03   3.000235e+02   1.594759e-01
   3.391038e+01   1.416072e+03   3.099017e+02   1.561189e-01
   3.397867e+01   1.432829e+03   3.198270e+02   1.532193e-01
   3.404710e+01   1.447086e+03   3.295970e+02   1.507146e-01
   3.411567e+01   1.459035e+03   3.392099e+02   1.485635e-01
   3.418438e+01   1.467139e+03   3.482383e+02   1.472715e-01
   3.425322e+01   1.473228e+03   3.570152e+02   1.462214e-01
   3.432221e+01   1.474187e+03   3.646849e+02   1.464230e-01
   3.439133e+01   1.472434e+03   3.717460e+02   1.471176e-01
   3.446059e+01   1.466962e+03   3.778785e+02   1.487237e-01
   3.452999e+01   1.457169e+03   3.827545e+02   1.512176e-01
   3.459954e+01   1.445842e+03   3.872341e+02   1.541576e-01
   3.466922e+01   1.429055e+03   3.899286e+02   1.578252e-01
   3.473904e+01   1.411514e+03   3.923952e+02   1.615548e-01
   3.480900e+01   1.390785e+03   3.937024e+02   1.652131e-01
   3.487911e+01   1.368986e+03   3.944506e+02   1.685189e-01
   3.494935e+01   1.346067e+03   3.946571e+02   1.714218e-01
   3.501974e+01   1.322726e+03   3.940208e+02   1.735966e-01
   3.509027e+01   1.299476e+03   3.932655e+02   1.754604e-01
   3.516094e+01   1.276939e+03   3.915590e+02   1.766517e-01
   3.523175e+01   1.255104e+03   3.897787e+02   1.776751e-01
   3.530270e+01   1.234403e+03   3.874675e+02   1.784560e-01
   3.537380e+01   1.214742e+03   3.848675e+02   1.792068e-01
   3.544504e+01   1.196086e+03   3.820978e+02   1.799517e-01
   3.551643e+01   1.178504e+03   3.788507e+02   1.808695e-01
   3.558796e+01   1.161638e+03   3.757144e+02   1.818549e-01
   3.565963e+01   1.145581e+03   3.719997e+02   1.831669e-01
   3.573145e+01   1.129971e+03   3.684320e+02   1.845931e-01
   3.580341e+01   1.114725e+03   3.645372e+02   1.863081e-01
   3.587551e+01   1.099660e+03   3.606316e+02   1.881968e-01
   3.594776e+01   1.084615e+03   3.566385e+02   1.902794e-01
   3.602016e+01   1.069480e+03   3.524876e+02   1.925516e-01
   3.609270e+01   1.054146e+03   3.484369e+02   1.949213e-01
   3.616539e+01   1.038544e+03   3.441161e+02   1.974567e-01
   3.623823e+01   1.022638e+03   3.399825e+02   2.000246e-01
   3.631121e+01   1.006423e+03   3.356086e+02   2.026901e-01
   3.638434e+01   9.898922e+02   3.313737e+02   2.053633e-01
   3.645762e+01   9.730876e+02   3.270338e+02   2.080688e-01
   3.653104e+01   9.560331e+02   3.227391e+02   2.107685e-01
   3.660461e+01   9.387472e+02   3.184436e+02   2.134693e-01
   3.667833e+01   9.213022e+02   3.141197e+02   2.161448e-01
   3.675220e+01   9.036362e+02   3.098704e+02   2.188164e-01
   3.682622e+01   8.858852e+02   3.055361e+02   2.214308e-01
   3.690038e+01   8.678820e+02   3.013268e+02   2.240531e-01
   3.697470e+01   8.498383e+02   2.969936e+02   2.265650e-01
   3.704917e+01   8.315146e+02   2.927767e+02   2.290775e-01
   3.712378e+01   8.130944e+02   2.884897e+02   2.314626e-01
   3.719855e+01   7.944036e+02   2.842689e+02   2.338036e-01
   3.727346e+01   7.755537e+02   2.800208e+02   2.360075e-01
   3.734853e+01   7.564787e+02   2.758030e+02   2.381035e-01
   3.742375e+01   7.371907e+02   2.715903e+02   2.400604e-01
   3.749912e+01   7.177843e+02   2.673866e+02   2.418368e-01
   3.757464e+01   6.981233e+02   2.632115e+02   2.434791e-01
   3.765031e+01   6.785247e+02   2.590386e+02   2.448730e-01
   3.772614e+01   6.586442e+02   2.549109e+02   2.461446e-01
   3.780212e+01   6.390697e+02   2.507896e+02   2.471128e-01
   3.787825e+01   6.192098e+02   2.467230e+02   2.479714e-01
   3.795453e+01   5.999068e+02   2.426764e+02   2.485002e-01
   3.803097e+01   5.804126e+02   2.386870e+02   2.489137e-01
   3.810756e+01   5.615628e+02   2.347384e+02   2.490305e-01
   3.818431e+01   5.427163e+02   2.308474e+02   2.490123e-01
   3.826121e+01   5.245386e+02   2.270125e+02   2.487438e-01
   3.833827e+01   5.065647e+02   2.232383e+02   2.483314e-01
   3.841548e+01   4.892450e+02   2.195297e+02   2.477159e-01
   3.849285e+01   4.723037e+02   2.158864e+02   2.469600e-01
   3.857037e+01   4.559821e+02   2.123125e+02   2.460440e-01
   3.864805e+01   4.401708e+02   2.088087e+02   2.450005e-01
   3.872588e+01   4.249234e+02   2.053746e+02   2.438346e-01
   3.880388e+01   4.102828e+02   2.020149e+02   2.425596e-01
   3.888203e+01   3.961425e+02   1.987229e+02   2.411941e-01
   3.896033e+01   3.826663e+02   1.955084e+02   2.397402e-01
   3.903880e+01   3.696228e+02   1.923578e+02   2.382211e-01
   3.911742e+01   3.572685e+02   1.892860e+02   2.366343e-01
   3.919620e+01   3.452823e+02   1.862733e+02   2.350022e-01
   3.927514e+01   3.339894e+02   1.833402e+02   2.333223e-01
   3.935424e+01   3.230064e+02   1.804614e+02   2.316124e-01
   3.943349e+01   3.126984e+02   1.776617e+02   2.298721e-01
   3.951291e+01   3.026481e+02   1.749117e+02   2.281132e-01
   3.959249e+01   2.932454e+02   1.722391e+02   2.263387e-01
   3.967223e+01   2.840576e+02   1.696116e+02   2.245540e-01
   3.975212e+01   2.754766e+02   1.670590e+02   2.227656e-01
   3.983218e+01   2.670751e+02   1.645477e+02   2.209731e-01
   3.991240e+01   2.592383e+02   1.621089e+02   2.191874e-01
   3.999279e+01   2.515531e+02   1.597080e+02   2.174021e-01
   4.007333e+01   2.443874e+02   1.573761e+02   2.156307e-01
   4.015403e+01   2.373519e+02   1.550791e+02   2.138631e-01
   4.023490e+01   2.307895e+02   1.528477e+02   2.121149e-01
   4.031593e+01   2.243415e+02   1.506488e+02   2.103732e-01
   4.039713e+01   2.183200e+02   1.485120e+02   2.086550e-01
   4.047849e+01   2.124013e+02   1.464058e+02   2.069452e-01
   4.056001e+01   2.068651e+02   1.443575e+02   2.052611e-01
   4.064169e+01   2.014241e+02   1.423382e+02   2.035869e-01
   4.072354e+01   1.963243e+02   1.403731e+02   2.019398e-01
   4.080556e+01   1.913156e+02   1.384359e+02   2.003039e-01
   4.088774e+01   1.866071e+02   1.365493e+02   1.986960e-01
   4.097009e+01   1.819872e+02   1.346898e+02   1.971006e-01
   4.105260e+01   1.776316e+02   1.328767e+02   1.955325e-01
   4.113528e+01   1.733644e+02   1.310901e+02   1.939779e-01
   4.121812e+01   1.693255e+02   1.293464e+02   1.924500e-01
   4.130113e+01   1.653755e+02   1.276289e+02   1.909366e-01
   4.138431e+01   1.616236e+02   1.259505e+02   1.894486e-01
   4.146766e+01   1.579630e+02   1.242982e+02   1.879762e-01
   4.155117e+01   1.544704e+02   1.226814e+02   1.865275e-01
   4.163485e+01   1.510712e+02   1.210907e+02   1.850951e-01
   4.171870e+01   1.478127e+02   1.195322e+02   1.836849e-01
   4.180272e+01   1.446506e+02   1.179999e+02   1.822921e-01
   4.188691e+01   1.416052e+02   1.164964e+02   1.809194e-01
   4.197127e+01   1.386603e+02   1.150195e+02   1.795649e-01
   4.205580e+01   1.358085e+02   1.135682e+02   1.782285e-01
   4.214050e+01   1.330599e+02   1.121437e+02   1.769114e-01
   4.222536e+01   1.303846e+02   1.107418e+02   1.756101e-01
   4.231040e+01   1.278175e+02   1.093669e+02   1.743289e-01
   4.239562e+01   1.253042e+02   1.080119e+02   1.730614e-01
   4.248100e+01   1.229009e+02   1.066845e+02   1.718150e-01
   4.256655e+01   1.205345e+02   1.053741e+02   1.705801e-01
   4.265228e+01   1.182818e+02   1.040918e+02   1.693675e-01
   4.273818e+01   1.160517e+02   1.028240e+02   1.681644e-01
   4.282425e+01   1.139375e+02   1.015841e+02   1.669835e-01
   4.291050e+01   1.118405e+02   1.003577e+02   1.658114e-01
   4.299692e+01   1.098453e+02   9.915751e+01   1.646606e-01
   4.308351e+01   1.078736e+02   9.797144e+01   1.635194e-01
   4.317028e+01   1.059846e+02   9.680845e+01   1.623966e-01
   4.325722e+01   1.041293e+02   9.566086e+01   1.612850e-01
   4.334434e+01   1.023374e+02   9.453334e+01   1.601892e-01
   4.343163e+01   1.005882e+02   9.342238e+01   1.591060e-01
   4.351910e+01   9.888662e+01   9.232867e+01   1.580360e-01
   4.360675e+01   9.723716e+01   9.125269e+01   1.569799e-01
   4.369457e+01   9.561994e+01   9.019137e+01   1.559347e-01
   4.378257e+01   9.406259e+01   8.914894e+01   1.549048e-01
   4.387075e+01   9.252351e+01   8.811868e+01   1.538835e-01
   4.395910e+01   9.105076e+01   8.710829e+01   1.528787e-01
   4.404763e+01   8.958734e+01   8.610832e+01   1.518809e-01
   4.413634e+01   8.818951e+01   8.512792e+01   1.508996e-01
   4.422523e+01   8.680390e+01   8.415809e+01   1.499255e-01
   4.431430e+01   8.546874e+01   8.320529e+01   1.489654e-01
   4.440354e+01   8.415586e+01   8.226455e+01   1.480143e-01
   4.449297e+01   8.287849e+01   8.133823e+01   1.470747e-01
   4.458258e+01   8.163195e+01   8.042537e+01   1.461456e-01
   4.467236e+01   8.040915e+01   7.952451e+01   1.452257e-01
   4.476233e+01   7.922711e+01   7.863838e+01   1.443179e-01
   4.485248e+01   7.805650e+01   7.776198e+01   1.434170e-01
   4.494281e+01   7.693271e+01   7.690149e+01   1.425295e-01
   4.503333e+01   7.581521e+01   7.604960e+01   1.416477e-01
   4.512402e+01   7.474095e+01   7.521280e+01   1.407788e-01
   4.521490e+01   7.367808e+01   7.438530e+01   1.399166e-01
   4.530596e+01   7.264565e+01   7.357044e+01   1.390647e-01
   4.539720e+01   7.163344e+01   7.276626e+01   1.382210e-01
   4.548863e+01   7.064074e+01   7.197258e+01   1.373855e-01
   4.558024e+01   6.967695e+01   7.119095e+01   1.365598e-01
   4.567204e+01   6.872189e+01   7.041771e+01   1.357400e-01
   4.576402e+01   6.780209e+01   6.965773e+01   1.349317e-01
   4.585619e+01   6.688701e+01   6.890519e+01   1.341284e-01
   4.594854e+01   6.600448e+01   6.816511e+01   1.333356e-01
   4.604108e+01   6.513197e+01   6.743326e+01   1.325489e-01
   4.613380e+01   6.428005e+01   6.671172e+01   1.317705e-01
   4.622671e+01   6.344571e+01   6.599980e+01   1.309999e-01
   4.631981e+01   6.262287e+01   6.529617e+01   1.302354e-01
   4.641310e+01   6.182588e+01   6.460339e+01   1.294801e-01
   4.650657e+01   6.103277e+01   6.391733e+01   1.287294e-01
   4.660023e+01   6.026917e+01   6.324268e+01   1.279884e-01
   4.669408e+01   5.951069e+01   6.257480e+01   1.272524e-01
   4.678812e+01   5.877210e+01   6.191653e+01   1.265242e-01
   4.688235e+01   5.804658e+01   6.126645e+01   1.258025e-01
   4.697677e+01   5.733168e+01   6.062399e+01   1.250866e-01
   4.707138e+01   5.663683e+01   5.999088e+01   1.243786e-01
   4.716618e+01   5.594522e+01   5.936384e+01   1.236747e-01
   4.726117e+01   5.527728e+01   5.874698e+01   1.229798e-01
   4.735635e+01   5.461323e+01   5.813619e+01   1.222891e-01
   4.745173e+01   5.396591e+01   5.753382e+01   1.216054e-01
   4.754729e+01   5.333017e+01   5.693882e+01   1.209276e-01
   4.764305e+01   5.270229e+01   5.635046e+01   1.202548e-01
   4.773900e+01   5.209217e+01   5.577059e+01   1.195892e-01
   4.783514e+01   5.148475e+01   5.519621e+01   1.189275e-01
   4.793148e+01   5.089715e+01   5.463064e+01   1.182734e-01
   4.802801e+01   5.031450e+01   5.407087e+01   1.176236e-01
   4.812474e+01   4.974280e+01   5.351815e+01   1.169795e-01
   4.822166e+01   4.918218e+01   5.297243e+01   1.163412e-01
   4.831878e+01   4.862564e+01   5.243219e+01   1.157069e-01
   4.841609e+01   4.808668e+01   5.190008e+01   1.150797e-01
   4.851360e+01   4.755002e+01   5.137297e+01   1.144560e-01
   4.861130e+01   4.702752e+01   5.085305e+01   1.138385e-01
   4.870920e+01   4.651252e+01   5.033899e+01   1.132256e-01
   4.880730e+01   4.600375e+01   4.983059e+01   1.126171e-01
   4.890559e+01   4.550794e+01   4.932918e+01   1.120146e-01
   4.900409e+01   4.501418e+01   4.883246e+01   1.114154e-01
   4.910278e+01   4.453420e+01   4.834281e+01   1.108225e-01
   4.920167e+01   4.405837e+01   4.785818e+01   1.102333e-01
   4.930076e+01   4.359054e+01   4.737919e+01   1.096487e-01
   4.940005e+01   4.313369e+01   4.690633e+01   1.090693e-01
   4.949954e+01   4.267868e+01   4.643787e+01   1.084931e-01
   4.959923e+01   4.223565e+01   4.597619e+01   1.079230e-01
   4.969912e+01   4.179499e+01   4.551893e+01   1.073561e-01
   4.979921e+01   4.136280e+01   4.506716e+01   1.067937e-01
   4.989950e+01   4.093963e+01   4.462091e+01   1.062360e-01
   5.000000e+01   4.051814e+01   4.417878e+01   1.056814e-01