#============================================================================
# Opacities computed by OpTool
# Method:   DHS  fmax=  0.800
# Parameters:
#   amin [um]=      2.000 amax [um]=      2.000  na  =    1     apow=   3.5    
#   lmin [um]=      6.700 lmax [um]=     50.000  nlam= 1000     nang=   180
#   porosity =      0.000 p_mantle =      0.000  fmax= 0.80     chop=   0.0
# Composition:
#  Where   mfrac  rho   Material
#  -----   -----  ----  -----------------------------------------------------
#  core    0.333  3.30  /Users/jvarga/Dokumentumok/MATISSE/pro/optool/lnk_data/ad/oliSC_x_551K.lnk
#  core    0.333  3.30  /Users/jvarga/Dokumentumok/MATISSE/pro/optool/lnk_data/ad/oliSC_y_551K.lnk
#  core    0.333  3.30  /Users/jvarga/Dokumentumok/MATISSE/pro/optool/lnk_data/ad/oliSC_z_551K.lnk
#  - - -   - - -  -  -  - - - - - - - - - - - - - - - - - - - - - - - - - - -
#============================================================================
# Standard output file, no scattering matrix
#    iformat
#    nlambda
#    lambda[um]  kabs [cm^2/g]  ksca [cm^2/g]    g_asymmetry
#============================================================================
           3
        1000
   6.700000e+00   3.027512e+01   9.031260e+02   5.993201e-01
   6.713493e+00   3.048359e+01   8.933771e+02   5.999490e-01
   6.727014e+00   3.068659e+01   8.836410e+02   6.005867e-01
   6.740562e+00   3.089810e+01   8.739047e+02   6.012343e-01
   6.754137e+00   3.111219e+01   8.641934e+02   6.018897e-01
   6.767740e+00   3.131790e+01   8.544995e+02   6.025523e-01
   6.781370e+00   3.154816e+01   8.447990e+02   6.032248e-01
   6.795027e+00   3.175325e+01   8.351426e+02   6.039007e-01
   6.808712e+00   3.196658e+01   8.254995e+02   6.045832e-01
   6.822424e+00   3.218975e+01   8.158778e+02   6.052715e-01
   6.836164e+00   3.239624e+01   8.062775e+02   6.059643e-01
   6.849932e+00   3.262239e+01   7.967067e+02   6.066609e-01
   6.863727e+00   3.285704e+01   7.871488e+02   6.073622e-01
   6.877551e+00   3.308629e+01   7.776235e+02   6.080658e-01
   6.891402e+00   3.330680e+01   7.681364e+02   6.087711e-01
   6.905281e+00   3.354038e+01   7.586781e+02   6.094781e-01
   6.919188e+00   3.377137e+01   7.492640e+02   6.101846e-01
   6.933123e+00   3.399160e+01   7.398708e+02   6.108929e-01
   6.947086e+00   3.422804e+01   7.305252e+02   6.116002e-01
   6.961077e+00   3.446873e+01   7.212009e+02   6.123073e-01
   6.975096e+00   3.470010e+01   7.119380e+02   6.130112e-01
   6.989143e+00   3.493153e+01   7.027152e+02   6.137127e-01
   7.003219e+00   3.517997e+01   6.935168e+02   6.144131e-01
   7.017323e+00   3.543120e+01   6.843787e+02   6.151084e-01
   7.031456e+00   3.568100e+01   6.752831e+02   6.158001e-01
   7.045617e+00   3.593827e+01   6.662252e+02   6.164878e-01
   7.059806e+00   3.618035e+01   6.572238e+02   6.171692e-01
   7.074025e+00   3.643339e+01   6.482737e+02   6.178438e-01
   7.088271e+00   3.669476e+01   6.393601e+02   6.185132e-01
   7.102547e+00   3.694104e+01   6.305149e+02   6.191742e-01
   7.116851e+00   3.721063e+01   6.217188e+02   6.198285e-01
   7.131184e+00   3.745665e+01   6.129785e+02   6.204730e-01
   7.145546e+00   3.772741e+01   6.042844e+02   6.211092e-01
   7.159937e+00   3.799670e+01   5.956549e+02   6.217362e-01
   7.174356e+00   3.827715e+01   5.870649e+02   6.223534e-01
   7.188805e+00   3.853475e+01   5.785609e+02   6.229578e-01
   7.203283e+00   3.881082e+01   5.700894e+02   6.235530e-01
   7.217790e+00   3.908354e+01   5.616820e+02   6.241358e-01
   7.232326e+00   3.938391e+01   5.533457e+02   6.247061e-01
   7.246892e+00   3.966125e+01   5.450560e+02   6.252635e-01
   7.261487e+00   3.996016e+01   5.368396e+02   6.258068e-01
   7.276111e+00   4.024392e+01   5.286803e+02   6.263361e-01
   7.290765e+00   4.053486e+01   5.205917e+02   6.268507e-01
   7.305448e+00   4.083236e+01   5.125530e+02   6.273507e-01
   7.320161e+00   4.114136e+01   5.045679e+02   6.278359e-01
   7.334904e+00   4.145753e+01   4.966594e+02   6.283041e-01
   7.349676e+00   4.176418e+01   4.888256e+02   6.287548e-01
   7.364478e+00   4.207723e+01   4.810357e+02   6.291899e-01
   7.379309e+00   4.238444e+01   4.733228e+02   6.296063e-01
   7.394171e+00   4.271632e+01   4.656722e+02   6.300049e-01
   7.409062e+00   4.303732e+01   4.580811e+02   6.303851e-01
   7.423984e+00   4.336436e+01   4.505573e+02   6.307462e-01
   7.438935e+00   4.369070e+01   4.431089e+02   6.310868e-01
   7.453917e+00   4.405164e+01   4.357091e+02   6.314099e-01
   7.468929e+00   4.440453e+01   4.283778e+02   6.317117e-01
   7.483971e+00   4.473688e+01   4.211179e+02   6.319918e-01
   7.499043e+00   4.510584e+01   4.139205e+02   6.322517e-01
   7.514146e+00   4.545944e+01   4.067843e+02   6.324897e-01
   7.529279e+00   4.581703e+01   3.997108e+02   6.327056e-01
   7.544443e+00   4.619624e+01   3.927107e+02   6.328994e-01
   7.559637e+00   4.658862e+01   3.857821e+02   6.330698e-01
   7.574862e+00   4.695548e+01   3.788985e+02   6.332180e-01
   7.590117e+00   4.734872e+01   3.720905e+02   6.333422e-01
   7.605403e+00   4.774489e+01   3.653411e+02   6.334428e-01
   7.620720e+00   4.815959e+01   3.586555e+02   6.335194e-01
   7.636068e+00   4.855880e+01   3.520366e+02   6.335712e-01
   7.651447e+00   4.898927e+01   3.454816e+02   6.335984e-01
   7.666856e+00   4.941078e+01   3.389901e+02   6.336003e-01
   7.682297e+00   4.983226e+01   3.325641e+02   6.335764e-01
   7.697769e+00   5.027376e+01   3.261937e+02   6.335274e-01
   7.713272e+00   5.071592e+01   3.198867e+02   6.334523e-01
   7.728806e+00   5.117655e+01   3.136410e+02   6.333511e-01
   7.744371e+00   5.163446e+01   3.074611e+02   6.332230e-01
   7.759968e+00   5.209994e+01   3.013371e+02   6.330683e-01
   7.775596e+00   5.258354e+01   2.952752e+02   6.328868e-01
   7.791256e+00   5.308700e+01   2.892682e+02   6.326786e-01
   7.806947e+00   5.357286e+01   2.833302e+02   6.324421e-01
   7.822670e+00   5.408050e+01   2.774483e+02   6.321781e-01
   7.838425e+00   5.460159e+01   2.716255e+02   6.318866e-01
   7.854211e+00   5.511787e+01   2.658618e+02   6.315666e-01
   7.870029e+00   5.566407e+01   2.601568e+02   6.312191e-01
   7.885879e+00   5.620744e+01   2.545105e+02   6.308428e-01
   7.901760e+00   5.676342e+01   2.489214e+02   6.304383e-01
   7.917674e+00   5.734379e+01   2.433894e+02   6.300054e-01
   7.933620e+00   5.792186e+01   2.379157e+02   6.295436e-01
   7.949598e+00   5.853482e+01   2.324972e+02   6.290535e-01
   7.965608e+00   5.912150e+01   2.271349e+02   6.285336e-01
   7.981650e+00   5.974644e+01   2.218323e+02   6.279852e-01
   7.997725e+00   6.038781e+01   2.165804e+02   6.274081e-01
   8.013832e+00   6.103194e+01   2.113873e+02   6.268015e-01
   8.029972e+00   6.170377e+01   2.062544e+02   6.261660e-01
   8.046144e+00   6.238008e+01   2.011649e+02   6.255012e-01
   8.062348e+00   6.308163e+01   1.961398e+02   6.248076e-01
   8.078585e+00   6.379552e+01   1.911698e+02   6.240847e-01
   8.094855e+00   6.450636e+01   1.862513e+02   6.233321e-01
   8.111158e+00   6.525499e+01   1.813880e+02   6.225509e-01
   8.127493e+00   6.600718e+01   1.765865e+02   6.217405e-01
   8.143862e+00   6.680686e+01   1.718276e+02   6.209015e-01
   8.160263e+00   6.760193e+01   1.671349e+02   6.200332e-01
   8.176697e+00   6.842124e+01   1.624895e+02   6.191361e-01
   8.193165e+00   6.926576e+01   1.579015e+02   6.182104e-01
   8.209666e+00   7.014292e+01   1.533672e+02   6.172565e-01
   8.226199e+00   7.102533e+01   1.488936e+02   6.162735e-01
   8.242767e+00   7.192892e+01   1.444703e+02   6.152622e-01
   8.259367e+00   7.285424e+01   1.401063e+02   6.142226e-01
   8.276001e+00   7.382121e+01   1.357979e+02   6.131556e-01
   8.292669e+00   7.480720e+01   1.315436e+02   6.120605e-01
   8.309370e+00   7.581615e+01   1.273543e+02   6.109383e-01
   8.326104e+00   7.686414e+01   1.232129e+02   6.097882e-01
   8.342873e+00   7.792610e+01   1.191402e+02   6.086114e-01
   8.359675e+00   7.902482e+01   1.151245e+02   6.074075e-01
   8.376511e+00   8.015738e+01   1.111657e+02   6.061772e-01
   8.393381e+00   8.132224e+01   1.072697e+02   6.049204e-01
   8.410285e+00   8.254398e+01   1.034436e+02   6.036392e-01
   8.427223e+00   8.375880e+01   9.967343e+01   6.023301e-01
   8.444195e+00   8.505313e+01   9.597203e+01   6.009971e-01
   8.461201e+00   8.637436e+01   9.234028e+01   5.996392e-01
   8.478241e+00   8.772204e+01   8.877569e+01   5.982556e-01
   8.495316e+00   8.912845e+01   8.527946e+01   5.968480e-01
   8.512425e+00   9.058648e+01   8.186253e+01   5.954171e-01
   8.529569e+00   9.208266e+01   7.851693e+01   5.939616e-01
   8.546747e+00   9.363423e+01   7.525161e+01   5.924826e-01
   8.563960e+00   9.524104e+01   7.206402e+01   5.909799e-01
   8.581207e+00   9.690715e+01   6.896551e+01   5.894546e-01
   8.598489e+00   9.864601e+01   6.595288e+01   5.879062e-01
   8.615806e+00   1.004286e+02   6.302718e+01   5.863328e-01
   8.633158e+00   1.022875e+02   6.020063e+01   5.847365e-01
   8.650545e+00   1.042271e+02   5.747345e+01   5.831163e-01
   8.667967e+00   1.062306e+02   5.484743e+01   5.814697e-01
   8.685424e+00   1.083176e+02   5.233224e+01   5.797970e-01
   8.702916e+00   1.104963e+02   4.993238e+01   5.780963e-01
   8.720443e+00   1.127606e+02   4.765572e+01   5.763661e-01
   8.738005e+00   1.151307e+02   4.550612e+01   5.746026e-01
   8.755603e+00   1.176017e+02   4.349075e+01   5.728017e-01
   8.773237e+00   1.201942e+02   4.162320e+01   5.709609e-01
   8.790906e+00   1.229117e+02   3.990898e+01   5.690742e-01
   8.808610e+00   1.257476e+02   3.835663e+01   5.671325e-01
   8.826350e+00   1.287421e+02   3.698056e+01   5.651285e-01
   8.844126e+00   1.318882e+02   3.579218e+01   5.630533e-01
   8.861938e+00   1.351966e+02   3.480542e+01   5.608940e-01
   8.879785e+00   1.386988e+02   3.403539e+01   5.586387e-01
   8.897669e+00   1.424159e+02   3.349985e+01   5.562688e-01
   8.915588e+00   1.463325e+02   3.321608e+01   5.537703e-01
   8.933544e+00   1.505062e+02   3.320704e+01   5.511271e-01
   8.951535e+00   1.549492e+02   3.349725e+01   5.483232e-01
   8.969563e+00   1.597013e+02   3.410991e+01   5.453423e-01
   8.987628e+00   1.647968e+02   3.508596e+01   5.421681e-01
   9.005728e+00   1.702681e+02   3.645015e+01   5.387960e-01
   9.023865e+00   1.761871e+02   3.824897e+01   5.352193e-01
   9.042039e+00   1.825989e+02   4.051955e+01   5.314401e-01
   9.060249e+00   1.895737e+02   4.331993e+01   5.274551e-01
   9.078496e+00   1.972104e+02   4.672127e+01   5.232564e-01
   9.096780e+00   2.056116e+02   5.078214e+01   5.188499e-01
   9.115100e+00   2.149222e+02   5.559198e+01   5.142204e-01
   9.133458e+00   2.252646e+02   6.123140e+01   5.093526e-01
   9.151852e+00   2.368583e+02   6.781484e+01   5.042056e-01
   9.170283e+00   2.499530e+02   7.547386e+01   4.987145e-01
   9.188752e+00   2.648079e+02   8.435997e+01   4.927847e-01
   9.207258e+00   2.818455e+02   9.462673e+01   4.862969e-01
   9.225801e+00   3.014149e+02   1.064158e+02   4.790913e-01
   9.244381e+00   3.238615e+02   1.198225e+02   4.709849e-01
   9.262999e+00   3.496643e+02   1.349095e+02   4.617536e-01
   9.281654e+00   3.791366e+02   1.515739e+02   4.511972e-01
   9.300347e+00   4.120395e+02   1.694363e+02   4.392317e-01
   9.319077e+00   4.478966e+02   1.877720e+02   4.259763e-01
   9.337845e+00   4.855001e+02   2.052212e+02   4.119633e-01
   9.356651e+00   5.226560e+02   2.202423e+02   3.979538e-01
   9.375495e+00   5.567187e+02   2.310989e+02   3.848266e-01
   9.394377e+00   5.846907e+02   2.361861e+02   3.734041e-01
   9.413297e+00   6.039335e+02   2.346373e+02   3.643234e-01
   9.432255e+00   6.130421e+02   2.267657e+02   3.580861e-01
   9.451251e+00   6.121603e+02   2.139924e+02   3.553270e-01
   9.470285e+00   6.027628e+02   1.988782e+02   3.566070e-01
   9.489358e+00   5.874119e+02   1.846637e+02   3.620554e-01
   9.508469e+00   5.691805e+02   1.743574e+02   3.709748e-01
   9.527619e+00   5.513277e+02   1.699320e+02   3.821656e-01
   9.546807e+00   5.367175e+02   1.720701e+02   3.944320e-01
   9.566034e+00   5.273203e+02   1.804843e+02   4.068619e-01
   9.585299e+00   5.241411e+02   1.944563e+02   4.188123e-01
   9.604604e+00   5.273589e+02   2.132276e+02   4.298955e-01
   9.623947e+00   5.368272e+02   2.362014e+02   4.399763e-01
   9.643329e+00   5.522594e+02   2.629865e+02   4.490838e-01
   9.662750e+00   5.733352e+02   2.933700e+02   4.572878e-01
   9.682211e+00   5.995979e+02   3.272663e+02   4.646044e-01
   9.701710e+00   6.304774e+02   3.646905e+02   4.709818e-01
   9.721249e+00   6.652382e+02   4.056517e+02   4.763300e-01
   9.740827e+00   7.032234e+02   4.501478e+02   4.805778e-01
   9.760445e+00   7.439396e+02   4.980585e+02   4.836304e-01
   9.780102e+00   7.868476e+02   5.490852e+02   4.853109e-01
   9.799798e+00   8.310660e+02   6.026630e+02   4.853731e-01
   9.819535e+00   8.753596e+02   6.580111e+02   4.836116e-01
   9.839311e+00   9.184338e+02   7.142364e+02   4.799879e-01
   9.859127e+00   9.592696e+02   7.705101e+02   4.746858e-01
   9.878982e+00   9.973631e+02   8.262079e+02   4.680683e-01
   9.898878e+00   1.032742e+03   8.809216e+02   4.605693e-01
   9.918814e+00   1.065791e+03   9.344432e+02   4.525864e-01
   9.938790e+00   1.097102e+03   9.866180e+02   4.444246e-01
   9.958806e+00   1.127216e+03   1.037305e+03   4.362782e-01
   9.978863e+00   1.156687e+03   1.086323e+03   4.282440e-01
   9.998960e+00   1.186026e+03   1.133416e+03   4.203416e-01
   1.001910e+01   1.215705e+03   1.178287e+03   4.125337e-01
   1.003928e+01   1.246305e+03   1.220579e+03   4.047462e-01
   1.005949e+01   1.278575e+03   1.259827e+03   3.968893e-01
   1.007975e+01   1.313564e+03   1.295565e+03   3.888690e-01
   1.010005e+01   1.352609e+03   1.327107e+03   3.806141e-01
   1.012039e+01   1.397075e+03   1.353484e+03   3.720944e-01
   1.014078e+01   1.447302e+03   1.373105e+03   3.633531e-01
   1.016120e+01   1.500834e+03   1.383488e+03   3.545529e-01
   1.018166e+01   1.551306e+03   1.381988e+03   3.460193e-01
   1.020217e+01   1.591481e+03   1.367791e+03   3.382004e-01
   1.022272e+01   1.619226e+03   1.343077e+03   3.314812e-01
   1.024330e+01   1.635893e+03   1.310504e+03   3.259964e-01
   1.026393e+01   1.637695e+03   1.271222e+03   3.216526e-01
   1.028460e+01   1.619522e+03   1.227890e+03   3.184639e-01
   1.030532e+01   1.587199e+03   1.186296e+03   3.168178e-01
   1.032607e+01   1.554673e+03   1.151403e+03   3.171977e-01
   1.034687e+01   1.532262e+03   1.124516e+03   3.197233e-01
   1.036771e+01   1.522671e+03   1.104458e+03   3.240964e-01
   1.038859e+01   1.525734e+03   1.088780e+03   3.300469e-01
   1.040951e+01   1.540079e+03   1.075016e+03   3.371565e-01
   1.043047e+01   1.564027e+03   1.062102e+03   3.445941e-01
   1.045148e+01   1.595740e+03   1.052604e+03   3.508115e-01
   1.047253e+01   1.632454e+03   1.054531e+03   3.534602e-01
   1.049362e+01   1.667957e+03   1.077876e+03   3.506021e-01
   1.051475e+01   1.692993e+03   1.124701e+03   3.423974e-01
   1.053593e+01   1.700443e+03   1.183886e+03   3.312528e-01
   1.055715e+01   1.691576e+03   1.240523e+03   3.204041e-01
   1.057841e+01   1.674850e+03   1.287692e+03   3.125489e-01
   1.059971e+01   1.656935e+03   1.329283e+03   3.084249e-01
   1.062106e+01   1.641303e+03   1.372119e+03   3.076094e-01
   1.064245e+01   1.629177e+03   1.420486e+03   3.088335e-01
   1.066388e+01   1.618633e+03   1.473501e+03   3.101834e-01
   1.068536e+01   1.603366e+03   1.528588e+03   3.097568e-01
   1.070688e+01   1.579395e+03   1.583761e+03   3.072630e-01
   1.072844e+01   1.551309e+03   1.638639e+03   3.043531e-01
   1.075005e+01   1.529239e+03   1.694319e+03   3.031920e-01
   1.077170e+01   1.519628e+03   1.752768e+03   3.048004e-01
   1.079339e+01   1.524359e+03   1.814770e+03   3.093011e-01
   1.081513e+01   1.542861e+03   1.880036e+03   3.163467e-01
   1.083691e+01   1.572949e+03   1.947970e+03   3.253893e-01
   1.085874e+01   1.611719e+03   2.017930e+03   3.359129e-01
   1.088061e+01   1.656710e+03   2.088888e+03   3.474385e-01
   1.090252e+01   1.705853e+03   2.159993e+03   3.595039e-01
   1.092448e+01   1.757348e+03   2.230340e+03   3.717141e-01
   1.094648e+01   1.809731e+03   2.298785e+03   3.834993e-01
   1.096852e+01   1.860218e+03   2.363917e+03   3.942527e-01
   1.099061e+01   1.905060e+03   2.424149e+03   4.034647e-01
   1.101275e+01   1.941833e+03   2.478575e+03   4.107890e-01
   1.103493e+01   1.969217e+03   2.526915e+03   4.163004e-01
   1.105715e+01   1.988099e+03   2.569858e+03   4.201754e-01
   1.107942e+01   2.000293e+03   2.608662e+03   4.226265e-01
   1.110173e+01   2.007174e+03   2.644167e+03   4.239074e-01
   1.112409e+01   2.010231e+03   2.677322e+03   4.241845e-01
   1.114650e+01   2.009846e+03   2.708323e+03   4.236533e-01
   1.116894e+01   2.006511e+03   2.737112e+03   4.224404e-01
   1.119144e+01   2.000181e+03   2.763186e+03   4.206616e-01
   1.121398e+01   1.990437e+03   2.785832e+03   4.184069e-01
   1.123656e+01   1.976970e+03   2.803878e+03   4.157327e-01
   1.125919e+01   1.958929e+03   2.816422e+03   4.126742e-01
   1.128187e+01   1.936147e+03   2.821539e+03   4.092455e-01
   1.130459e+01   1.907747e+03   2.818641e+03   4.054374e-01
   1.132735e+01   1.873917e+03   2.805586e+03   4.012484e-01
   1.135017e+01   1.834666e+03   2.782838e+03   3.966688e-01
   1.137303e+01   1.792031e+03   2.747431e+03   3.917750e-01
   1.139593e+01   1.747233e+03   2.702314e+03   3.865932e-01
   1.141888e+01   1.703234e+03   2.646403e+03   3.812754e-01
   1.144188e+01   1.662412e+03   2.583462e+03   3.759930e-01
   1.146492e+01   1.628712e+03   2.514313e+03   3.710686e-01
   1.148801e+01   1.603958e+03   2.444449e+03   3.667292e-01
   1.151115e+01   1.590728e+03   2.376945e+03   3.632981e-01
   1.153433e+01   1.591330e+03   2.313902e+03   3.611091e-01
   1.155756e+01   1.600862e+03   2.262967e+03   3.597325e-01
   1.158084e+01   1.620972e+03   2.222634e+03   3.593400e-01
   1.160416e+01   1.648286e+03   2.194126e+03   3.596187e-01
   1.162753e+01   1.681376e+03   2.173844e+03   3.606843e-01
   1.165095e+01   1.716322e+03   2.156405e+03   3.626507e-01
   1.167441e+01   1.745783e+03   2.136201e+03   3.655119e-01
   1.169792e+01   1.763242e+03   2.107177e+03   3.694457e-01
   1.172148e+01   1.769091e+03   2.066262e+03   3.749592e-01
   1.174509e+01   1.768329e+03   2.010544e+03   3.824416e-01
   1.176874e+01   1.763051e+03   1.938846e+03   3.913684e-01
   1.179245e+01   1.751819e+03   1.853870e+03   4.003286e-01
   1.181620e+01   1.735762e+03   1.763237e+03   4.076379e-01
   1.183999e+01   1.721534e+03   1.678147e+03   4.122808e-01
   1.186384e+01   1.717521e+03   1.609650e+03   4.144037e-01
   1.188773e+01   1.729348e+03   1.565555e+03   4.148582e-01
   1.191167e+01   1.760772e+03   1.553262e+03   4.145066e-01
   1.193566e+01   1.801932e+03   1.577561e+03   4.149720e-01
   1.195970e+01   1.809266e+03   1.634784e+03   4.168762e-01
   1.198379e+01   1.762574e+03   1.691901e+03   4.169180e-01
   1.200792e+01   1.711662e+03   1.734311e+03   4.157474e-01
   1.203210e+01   1.665610e+03   1.766283e+03   4.151129e-01
   1.205634e+01   1.621024e+03   1.790198e+03   4.154604e-01
   1.208062e+01   1.572932e+03   1.807203e+03   4.167210e-01
   1.210495e+01   1.519216e+03   1.816362e+03   4.191592e-01
   1.212933e+01   1.461799e+03   1.819256e+03   4.229116e-01
   1.215375e+01   1.404633e+03   1.814789e+03   4.284708e-01
   1.217823e+01   1.348900e+03   1.801277e+03   4.358710e-01
   1.220276e+01   1.292731e+03   1.776327e+03   4.447379e-01
   1.222733e+01   1.232517e+03   1.738657e+03   4.544272e-01
   1.225196e+01   1.166169e+03   1.687441e+03   4.641709e-01
   1.227663e+01   1.093941e+03   1.623906e+03   4.732010e-01
   1.230136e+01   1.018157e+03   1.551203e+03   4.809302e-01
   1.232613e+01   9.426476e+02   1.473697e+03   4.869996e-01
   1.235096e+01   8.700805e+02   1.395306e+03   4.913844e-01
   1.237583e+01   8.026126e+02   1.319102e+03   4.941889e-01
   1.240075e+01   7.412041e+02   1.246833e+03   4.956203e-01
   1.242573e+01   6.861404e+02   1.179530e+03   4.959015e-01
   1.245075e+01   6.371049e+02   1.117347e+03   4.952522e-01
   1.247583e+01   5.936655e+02   1.060284e+03   4.938621e-01
   1.250095e+01   5.550469e+02   1.007890e+03   4.918907e-01
   1.252613e+01   5.209079e+02   9.599326e+02   4.894694e-01
   1.255136e+01   4.904385e+02   9.158204e+02   4.867016e-01
   1.257664e+01   4.632326e+02   8.752108e+02   4.836710e-01
   1.260196e+01   4.388595e+02   8.377081e+02   4.804441e-01
   1.262734e+01   4.169079e+02   8.029684e+02   4.770717e-01
   1.265278e+01   3.971053e+02   7.706963e+02   4.735958e-01
   1.267826e+01   3.791632e+02   7.406271e+02   4.700488e-01
   1.270379e+01   3.628587e+02   7.125327e+02   4.664568e-01
   1.272938e+01   3.479839e+02   6.862095e+02   4.628400e-01
   1.275501e+01   3.343982e+02   6.614818e+02   4.592147e-01
   1.278070e+01   3.219266e+02   6.381959e+02   4.555933e-01
   1.280644e+01   3.104804e+02   6.162209e+02   4.519864e-01
   1.283223e+01   2.999337e+02   5.954353e+02   4.484015e-01
   1.285807e+01   2.901986e+02   5.757337e+02   4.448442e-01
   1.288397e+01   2.811964e+02   5.570224e+02   4.413192e-01
   1.290992e+01   2.728493e+02   5.392221e+02   4.378300e-01
   1.293592e+01   2.651028e+02   5.222662e+02   4.343802e-01
   1.296197e+01   2.579067e+02   5.060769e+02   4.309701e-01
   1.298808e+01   2.512189e+02   4.906030e+02   4.276018e-01
   1.301423e+01   2.449726e+02   4.757967e+02   4.242766e-01
   1.304044e+01   2.391393e+02   4.616042e+02   4.209936e-01
   1.306671e+01   2.337068e+02   4.479926e+02   4.177552e-01
   1.309302e+01   2.286229e+02   4.349114e+02   4.145586e-01
   1.311939e+01   2.238713e+02   4.223344e+02   4.114055e-01
   1.314581e+01   2.194291e+02   4.102260e+02   4.082944e-01
   1.317229e+01   2.152647e+02   3.985618e+02   4.052255e-01
   1.319882e+01   2.113691e+02   3.873080e+02   4.021969e-01
   1.322540e+01   2.077036e+02   3.764477e+02   3.992089e-01
   1.325203e+01   2.042865e+02   3.659532e+02   3.962602e-01
   1.327872e+01   2.010806e+02   3.558044e+02   3.933496e-01
   1.330546e+01   1.980768e+02   3.459905e+02   3.904779e-01
   1.333226e+01   1.952706e+02   3.364888e+02   3.876434e-01
   1.335911e+01   1.926489e+02   3.272813e+02   3.848445e-01
   1.338602e+01   1.901830e+02   3.183547e+02   3.820805e-01
   1.341297e+01   1.878865e+02   3.096972e+02   3.793513e-01
   1.343999e+01   1.857419e+02   3.012932e+02   3.766555e-01
   1.346706e+01   1.837466e+02   2.931349e+02   3.739928e-01
   1.349418e+01   1.818909e+02   2.852069e+02   3.713617e-01
   1.352135e+01   1.801762e+02   2.775001e+02   3.687618e-01
   1.354859e+01   1.785750e+02   2.700029e+02   3.661913e-01
   1.357587e+01   1.770978e+02   2.627149e+02   3.636516e-01
   1.360321e+01   1.757531e+02   2.556178e+02   3.611402e-01
   1.363061e+01   1.745134e+02   2.487057e+02   3.586563e-01
   1.365806e+01   1.733754e+02   2.419757e+02   3.562001e-01
   1.368557e+01   1.723602e+02   2.354190e+02   3.537710e-01
   1.371313e+01   1.714350e+02   2.290296e+02   3.513680e-01
   1.374075e+01   1.706154e+02   2.227966e+02   3.489895e-01
   1.376842e+01   1.698939e+02   2.167206e+02   3.466365e-01
   1.379615e+01   1.692657e+02   2.107938e+02   3.443075e-01
   1.382393e+01   1.687368e+02   2.050086e+02   3.420016e-01
   1.385177e+01   1.682915e+02   1.993619e+02   3.397184e-01
   1.387967e+01   1.679425e+02   1.938528e+02   3.374585e-01
   1.390762e+01   1.676851e+02   1.884717e+02   3.352199e-01
   1.393563e+01   1.675010e+02   1.832193e+02   3.330027e-01
   1.396370e+01   1.674242e+02   1.780888e+02   3.308066e-01
   1.399182e+01   1.674252e+02   1.730790e+02   3.286309e-01
   1.402000e+01   1.675084e+02   1.681832e+02   3.264746e-01
   1.404824e+01   1.676847e+02   1.633994e+02   3.243375e-01
   1.407653e+01   1.679482e+02   1.587268e+02   3.222195e-01
   1.410488e+01   1.683054e+02   1.541621e+02   3.201203e-01
   1.413328e+01   1.687413e+02   1.497031e+02   3.180390e-01
   1.416175e+01   1.692716e+02   1.453454e+02   3.159750e-01
   1.419027e+01   1.698879e+02   1.410898e+02   3.139284e-01
   1.421885e+01   1.705938e+02   1.369321e+02   3.118982e-01
   1.424748e+01   1.714082e+02   1.328706e+02   3.098844e-01
   1.427618e+01   1.723068e+02   1.289048e+02   3.078861e-01
   1.430493e+01   1.732929e+02   1.250325e+02   3.059029e-01
   1.433374e+01   1.743964e+02   1.212531e+02   3.039348e-01
   1.436261e+01   1.756089e+02   1.175655e+02   3.019812e-01
   1.439153e+01   1.769047e+02   1.139685e+02   3.000410e-01
   1.442052e+01   1.783370e+02   1.104600e+02   2.981139e-01
   1.444956e+01   1.798625e+02   1.070402e+02   2.961993e-01
   1.447866e+01   1.815342e+02   1.037111e+02   2.942971e-01
   1.450782e+01   1.833192e+02   1.004706e+02   2.924061e-01
   1.453704e+01   1.852266e+02   9.731717e+01   2.905251e-01
   1.456631e+01   1.872831e+02   9.425368e+01   2.886542e-01
   1.459565e+01   1.894826e+02   9.127967e+01   2.867921e-01
   1.462504e+01   1.918302e+02   8.839635e+01   2.849377e-01
   1.465450e+01   1.943525e+02   8.560360e+01   2.830898e-01
   1.468401e+01   1.970300e+02   8.290225e+01   2.812467e-01
   1.471358e+01   1.999103e+02   8.029572e+01   2.794077e-01
   1.474322e+01   2.029746e+02   7.778534e+01   2.775708e-01
   1.477291e+01   2.062570e+02   7.537290e+01   2.757343e-01
   1.480266e+01   2.097641e+02   7.306130e+01   2.738952e-01
   1.483247e+01   2.135130e+02   7.085441e+01   2.720522e-01
   1.486234e+01   2.175154e+02   6.875545e+01   2.702023e-01
   1.489228e+01   2.218161e+02   6.676814e+01   2.683411e-01
   1.492227e+01   2.264172e+02   6.489714e+01   2.664662e-01
   1.495232e+01   2.313590e+02   6.314959e+01   2.645736e-01
   1.498243e+01   2.366677e+02   6.152983e+01   2.626579e-01
   1.501261e+01   2.423681e+02   6.004402e+01   2.607144e-01
   1.504284e+01   2.485092e+02   5.870176e+01   2.587380e-01
   1.507314e+01   2.551428e+02   5.751280e+01   2.567220e-01
   1.510350e+01   2.622888e+02   5.648350e+01   2.546602e-01
   1.513391e+01   2.700156e+02   5.562419e+01   2.525457e-01
   1.516439e+01   2.783920e+02   5.495009e+01   2.503712e-01
   1.519493e+01   2.874394e+02   5.446672e+01   2.481297e-01
   1.522553e+01   2.972468e+02   5.419012e+01   2.458152e-01
   1.525620e+01   3.078863e+02   5.413185e+01   2.434214e-01
   1.528692e+01   3.193476e+02   5.429556e+01   2.409462e-01
   1.531771e+01   3.317740e+02   5.469701e+01   2.383856e-01
   1.534856e+01   3.451104e+02   5.533109e+01   2.357428e-01
   1.537947e+01   3.593262e+02   5.619227e+01   2.330261e-01
   1.541044e+01   3.743944e+02   5.727120e+01   2.302470e-01
   1.544148e+01   3.902471e+02   5.854510e+01   2.274259e-01
   1.547258e+01   4.065546e+02   5.996708e+01   2.245916e-01
   1.550374e+01   4.230991e+02   6.148999e+01   2.217841e-01
   1.553496e+01   4.395393e+02   6.305690e+01   2.190489e-01
   1.556625e+01   4.555233e+02   6.461192e+01   2.164403e-01
   1.559760e+01   4.706931e+02   6.611314e+01   2.140075e-01
   1.562901e+01   4.848930e+02   6.753867e+01   2.118071e-01
   1.566049e+01   4.980272e+02   6.891069e+01   2.098657e-01
   1.569203e+01   5.102141e+02   7.029077e+01   2.081858e-01
   1.572363e+01   5.217916e+02   7.177571e+01   2.067486e-01
   1.575530e+01   5.332172e+02   7.349114e+01   2.055063e-01
   1.578703e+01   5.450167e+02   7.557606e+01   2.043869e-01
   1.581882e+01   5.576871e+02   7.816721e+01   2.033102e-01
   1.585068e+01   5.717556e+02   8.138827e+01   2.022044e-01
   1.588260e+01   5.876496e+02   8.534624e+01   2.010028e-01
   1.591459e+01   6.055999e+02   9.012551e+01   1.996476e-01
   1.594664e+01   6.257971e+02   9.579106e+01   1.980962e-01
   1.597876e+01   6.483992e+02   1.023920e+02   1.963147e-01
   1.601094e+01   6.733473e+02   1.099483e+02   1.942781e-01
   1.604318e+01   7.004917e+02   1.184645e+02   1.919765e-01
   1.607549e+01   7.296857e+02   1.279298e+02   1.894183e-01
   1.610787e+01   7.607013e+02   1.383055e+02   1.866355e-01
   1.614031e+01   7.931940e+02   1.495137e+02   1.836868e-01
   1.617281e+01   8.267506e+02   1.614444e+02   1.806519e-01
   1.620539e+01   8.609886e+02   1.739591e+02   1.776250e-01
   1.623802e+01   8.954597e+02   1.868661e+02   1.747080e-01
   1.627073e+01   9.296313e+02   1.999262e+02   1.720006e-01
   1.630349e+01   9.628981e+02   2.128828e+02   1.695862e-01
   1.633633e+01   9.946840e+02   2.254650e+02   1.675319e-01
   1.636923e+01   1.024401e+03   2.372908e+02   1.659173e-01
   1.640220e+01   1.051389e+03   2.480281e+02   1.647924e-01
   1.643523e+01   1.075118e+03   2.574331e+02   1.641807e-01
   1.646833e+01   1.095126e+03   2.652678e+02   1.641110e-01
   1.650150e+01   1.111016e+03   2.712574e+02   1.646306e-01
   1.653473e+01   1.122389e+03   2.750820e+02   1.658145e-01
   1.656803e+01   1.129236e+03   2.767587e+02   1.676881e-01
   1.660140e+01   1.131719e+03   2.763875e+02   1.702767e-01
   1.663483e+01   1.130001e+03   2.739984e+02   1.736410e-01
   1.666833e+01   1.124259e+03   2.696077e+02   1.778579e-01
   1.670190e+01   1.114809e+03   2.633480e+02   1.829605e-01
   1.673554e+01   1.102120e+03   2.555740e+02   1.889087e-01
   1.676924e+01   1.086628e+03   2.466490e+02   1.956120e-01
   1.680302e+01   1.068520e+03   2.367296e+02   2.029311e-01
   1.683686e+01   1.048069e+03   2.260637e+02   2.106243e-01
   1.687076e+01   1.025546e+03   2.149084e+02   2.183645e-01
   1.690474e+01   1.001277e+03   2.034831e+02   2.257824e-01
   1.693879e+01   9.757434e+02   1.920867e+02   2.325248e-01
   1.697290e+01   9.494256e+02   1.808486e+02   2.382679e-01
   1.700708e+01   9.229860e+02   1.699269e+02   2.427484e-01
   1.704133e+01   8.971558e+02   1.594545e+02   2.458151e-01
   1.707566e+01   8.726127e+02   1.495379e+02   2.474348e-01
   1.711004e+01   8.498676e+02   1.402750e+02   2.477068e-01
   1.714450e+01   8.293033e+02   1.316952e+02   2.467564e-01
   1.717903e+01   8.113730e+02   1.238445e+02   2.447316e-01
   1.721363e+01   7.965663e+02   1.167489e+02   2.417788e-01
   1.724830e+01   7.849157e+02   1.104092e+02   2.380996e-01
   1.728303e+01   7.764714e+02   1.048098e+02   2.338607e-01
   1.731784e+01   7.712778e+02   9.994067e+01   2.292115e-01
   1.735272e+01   7.693420e+02   9.578117e+01   2.242805e-01
   1.738767e+01   7.706795e+02   9.231571e+01   2.191810e-01
   1.742268e+01   7.754588e+02   8.954056e+01   2.140108e-01
   1.745777e+01   7.836252e+02   8.742528e+01   2.088573e-01
   1.749293e+01   7.949643e+02   8.592512e+01   2.037959e-01
   1.752816e+01   8.093932e+02   8.500270e+01   1.988842e-01
   1.756346e+01   8.266471e+02   8.460070e+01   1.941671e-01
   1.759883e+01   8.464276e+02   8.465438e+01   1.896764e-01
   1.763428e+01   8.683383e+02   8.508416e+01   1.854356e-01
   1.766979e+01   8.916391e+02   8.578126e+01   1.814581e-01
   1.770538e+01   9.157632e+02   8.664510e+01   1.777578e-01
   1.774104e+01   9.396728e+02   8.755320e+01   1.743422e-01
   1.777677e+01   9.624977e+02   8.840978e+01   1.712188e-01
   1.781257e+01   9.835298e+02   8.915196e+01   1.684001e-01
   1.784844e+01   1.002292e+03   8.976393e+01   1.658962e-01
   1.788439e+01   1.018640e+03   9.028332e+01   1.637135e-01
   1.792041e+01   1.032770e+03   9.080626e+01   1.618469e-01
   1.795650e+01   1.045367e+03   9.148497e+01   1.602855e-01
   1.799266e+01   1.057081e+03   9.249041e+01   1.589824e-01
   1.802890e+01   1.068963e+03   9.402109e+01   1.578918e-01
   1.806521e+01   1.081951e+03   9.625883e+01   1.569506e-01
   1.810159e+01   1.096988e+03   9.937493e+01   1.560996e-01
   1.813804e+01   1.114843e+03   1.035024e+02   1.552852e-01
   1.817457e+01   1.136079e+03   1.087367e+02   1.544680e-01
   1.821118e+01   1.161012e+03   1.151281e+02   1.536245e-01
   1.824785e+01   1.189550e+03   1.226569e+02   1.527399e-01
   1.828460e+01   1.221344e+03   1.312522e+02   1.518089e-01
   1.832143e+01   1.255694e+03   1.407908e+02   1.508136e-01
   1.835833e+01   1.291889e+03   1.511350e+02   1.497293e-01
   1.839530e+01   1.329497e+03   1.622019e+02   1.485160e-01
   1.843235e+01   1.368644e+03   1.740142e+02   1.471321e-01
   1.846947e+01   1.409967e+03   1.866925e+02   1.455501e-01
   1.850666e+01   1.454372e+03   2.004036e+02   1.437706e-01
   1.854394e+01   1.502689e+03   2.153116e+02   1.418207e-01
   1.858128e+01   1.555378e+03   2.314972e+02   1.397469e-01
   1.861870e+01   1.612301e+03   2.489240e+02   1.376035e-01
   1.865620e+01   1.673289e+03   2.674881e+02   1.354415e-01
   1.869377e+01   1.737364e+03   2.869926e+02   1.333040e-01
   1.873142e+01   1.803794e+03   3.072001e+02   1.312261e-01
   1.876915e+01   1.871641e+03   3.278327e+02   1.292356e-01
   1.880695e+01   1.939888e+03   3.486297e+02   1.273480e-01
   1.884482e+01   2.007660e+03   3.693251e+02   1.255763e-01
   1.888278e+01   2.074093e+03   3.896757e+02   1.239278e-01
   1.892080e+01   2.138394e+03   4.094667e+02   1.224062e-01
   1.895891e+01   2.199854e+03   4.285240e+02   1.210128e-01
   1.899709e+01   2.257890e+03   4.467106e+02   1.197478e-01
   1.903535e+01   2.312019e+03   4.639363e+02   1.186091e-01
   1.907369e+01   2.361920e+03   4.801636e+02   1.175913e-01
   1.911210e+01   2.407390e+03   4.953864e+02   1.166852e-01
   1.915059e+01   2.448351e+03   5.096248e+02   1.158751e-01
   1.918916e+01   2.484871e+03   5.229530e+02   1.151369e-01
   1.922781e+01   2.517069e+03   5.353997e+02   1.144409e-01
   1.926653e+01   2.545147e+03   5.469669e+02   1.137519e-01
   1.930533e+01   2.569505e+03   5.577896e+02   1.130354e-01
   1.934421e+01   2.590471e+03   5.678921e+02   1.122696e-01
   1.938317e+01   2.608354e+03   5.772292e+02   1.114479e-01
   1.942221e+01   2.623565e+03   5.857003e+02   1.105810e-01
   1.946132e+01   2.636396e+03   5.932687e+02   1.097007e-01
   1.950052e+01   2.647091e+03   5.998421e+02   1.088491e-01
   1.953979e+01   2.655799e+03   6.053044e+02   1.080744e-01
   1.957914e+01   2.662575e+03   6.095418e+02   1.074241e-01
   1.961857e+01   2.667405e+03   6.124490e+02   1.069406e-01
   1.965808e+01   2.670170e+03   6.139288e+02   1.066583e-01
   1.969768e+01   2.670674e+03   6.138933e+02   1.066044e-01
   1.973735e+01   2.668632e+03   6.122667e+02   1.067991e-01
   1.977710e+01   2.663679e+03   6.089861e+02   1.072568e-01
   1.981693e+01   2.655351e+03   6.039866e+02   1.079898e-01
   1.985684e+01   2.643086e+03   5.972006e+02   1.090085e-01
   1.989683e+01   2.626278e+03   5.885722e+02   1.103216e-01
   1.993690e+01   2.604305e+03   5.780484e+02   1.119366e-01
   1.997705e+01   2.576650e+03   5.656089e+02   1.138582e-01
   2.001728e+01   2.542996e+03   5.512841e+02   1.160845e-01
   2.005760e+01   2.503347e+03   5.351882e+02   1.186044e-01
   2.009799e+01   2.458082e+03   5.175286e+02   1.213945e-01
   2.013847e+01   2.407937e+03   4.986063e+02   1.244181e-01
   2.017903e+01   2.353943e+03   4.788047e+02   1.276268e-01
   2.021967e+01   2.297260e+03   4.585475e+02   1.309665e-01
   2.026039e+01   2.238992e+03   4.382521e+02   1.343888e-01
   2.030119e+01   2.179923e+03   4.182488e+02   1.378747e-01
   2.034208e+01   2.120205e+03   3.986500e+02   1.414652e-01
   2.038304e+01   2.059103e+03   3.791890e+02   1.452779e-01
   2.042409e+01   1.995322e+03   3.592218e+02   1.494312e-01
   2.046523e+01   1.928341e+03   3.381870e+02   1.538266e-01
   2.050644e+01   1.859815e+03   3.162713e+02   1.579929e-01
   2.054774e+01   1.793193e+03   2.944521e+02   1.613213e-01
   2.058912e+01   1.731671e+03   2.737991e+02   1.634926e-01
   2.063059e+01   1.676824e+03   2.549009e+02   1.645570e-01
   2.067214e+01   1.628906e+03   2.378906e+02   1.647212e-01
   2.071377e+01   1.587660e+03   2.226943e+02   1.641861e-01
   2.075549e+01   1.552725e+03   2.091846e+02   1.631064e-01
   2.079729e+01   1.523802e+03   1.972530e+02   1.615991e-01
   2.083917e+01   1.500664e+03   1.868269e+02   1.597580e-01
   2.088114e+01   1.482904e+03   1.778264e+02   1.576696e-01
   2.092320e+01   1.470351e+03   1.702368e+02   1.554076e-01
   2.096534e+01   1.462588e+03   1.640246e+02   1.530500e-01
   2.100756e+01   1.458571e+03   1.590368e+02   1.506742e-01
   2.104987e+01   1.457673e+03   1.552117e+02   1.483484e-01
   2.109226e+01   1.458760e+03   1.523743e+02   1.461380e-01
   2.113474e+01   1.460466e+03   1.502303e+02   1.440732e-01
   2.117730e+01   1.461752e+03   1.485230e+02   1.421641e-01
   2.121995e+01   1.461913e+03   1.469907e+02   1.403704e-01
   2.126269e+01   1.460804e+03   1.454573e+02   1.386152e-01
   2.130551e+01   1.458919e+03   1.438748e+02   1.367990e-01
   2.134842e+01   1.457215e+03   1.423149e+02   1.348242e-01
   2.139141e+01   1.456860e+03   1.409335e+02   1.326222e-01
   2.143450e+01   1.458977e+03   1.399232e+02   1.301674e-01
   2.147766e+01   1.464479e+03   1.394709e+02   1.274765e-01
   2.152092e+01   1.473943e+03   1.397211e+02   1.245965e-01
   2.156426e+01   1.487617e+03   1.407647e+02   1.215917e-01
   2.160769e+01   1.505501e+03   1.426466e+02   1.185308e-01
   2.165121e+01   1.527328e+03   1.453530e+02   1.154796e-01
   2.169481e+01   1.552787e+03   1.488315e+02   1.124966e-01
   2.173850e+01   1.581239e+03   1.529924e+02   1.096281e-01
   2.178228e+01   1.612388e+03   1.577202e+02   1.069171e-01
   2.182615e+01   1.645335e+03   1.628758e+02   1.043841e-01
   2.187011e+01   1.679595e+03   1.683199e+02   1.020474e-01
   2.191415e+01   1.714556e+03   1.739161e+02   9.991028e-02
   2.195829e+01   1.749757e+03   1.795538e+02   9.796929e-02
   2.200251e+01   1.784798e+03   1.851435e+02   9.621211e-02
   2.204682e+01   1.819402e+03   1.906356e+02   9.461998e-02
   2.209123e+01   1.853403e+03   1.960218e+02   9.316822e-02
   2.213572e+01   1.886736e+03   2.013362e+02   9.182715e-02
   2.218030e+01   1.919457e+03   2.066603e+02   9.056355e-02
   2.222497e+01   1.951682e+03   2.120925e+02   8.934334e-02
   2.226973e+01   1.983643e+03   2.178164e+02   8.812444e-02
   2.231458e+01   2.015549e+03   2.239393e+02   8.687600e-02
   2.235952e+01   2.047834e+03   2.307630e+02   8.554954e-02
   2.240455e+01   2.080866e+03   2.385161e+02   8.411148e-02
   2.244967e+01   2.115080e+03   2.474357e+02   8.253640e-02
   2.249488e+01   2.150839e+03   2.577356e+02   8.081038e-02
   2.254019e+01   2.188561e+03   2.696302e+02   7.893186e-02
   2.258558e+01   2.228521e+03   2.832838e+02   7.691430e-02
   2.263107e+01   2.271013e+03   2.988520e+02   7.478234e-02
   2.267664e+01   2.316261e+03   3.164332e+02   7.257233e-02
   2.272231e+01   2.364348e+03   3.360994e+02   7.032619e-02
   2.276808e+01   2.415169e+03   3.578553e+02   6.808775e-02
   2.281393e+01   2.468435e+03   3.816600e+02   6.589566e-02
   2.285988e+01   2.523739e+03   4.074215e+02   6.378190e-02
   2.290591e+01   2.580584e+03   4.349953e+02   6.177127e-02
   2.295205e+01   2.638476e+03   4.642373e+02   5.987882e-02
   2.299827e+01   2.696832e+03   4.949556e+02   5.811303e-02
   2.304459e+01   2.755135e+03   5.269449e+02   5.647768e-02
   2.309100e+01   2.812959e+03   5.599979e+02   5.497254e-02
   2.313750e+01   2.869773e+03   5.938782e+02   5.359151e-02
   2.318410e+01   2.924954e+03   6.283570e+02   5.232089e-02
   2.323079e+01   2.978099e+03   6.632287e+02   5.114801e-02
   2.327758e+01   3.028886e+03   6.982966e+02   5.005967e-02
   2.332446e+01   3.077062e+03   7.333951e+02   4.904154e-02
   2.337143e+01   3.122383e+03   7.683615e+02   4.807940e-02
   2.341850e+01   3.164615e+03   8.030083e+02   4.716170e-02
   2.346567e+01   3.203436e+03   8.370763e+02   4.628078e-02
   2.351292e+01   3.238361e+03   8.704018e+02   4.541994e-02
   2.356028e+01   3.268994e+03   9.027850e+02   4.456883e-02
   2.360773e+01   3.294901e+03   9.339817e+02   4.371996e-02
   2.365527e+01   3.315656e+03   9.637390e+02   4.286752e-02
   2.370291e+01   3.330848e+03   9.917788e+02   4.200755e-02
   2.375065e+01   3.339968e+03   1.017652e+03   4.114243e-02
   2.379848e+01   3.342496e+03   1.040844e+03   4.027637e-02
   2.384641e+01   3.338475e+03   1.061282e+03   3.940344e-02
   2.389444e+01   3.327892e+03   1.078727e+03   3.852545e-02
   2.394256e+01   3.310837e+03   1.092964e+03   3.764612e-02
   2.399078e+01   3.287515e+03   1.103830e+03   3.677059e-02
   2.403909e+01   3.258162e+03   1.111126e+03   3.590781e-02
   2.408751e+01   3.222517e+03   1.113990e+03   3.508892e-02
   2.413602e+01   3.181525e+03   1.112875e+03   3.431374e-02
   2.418463e+01   3.135833e+03   1.107962e+03   3.359188e-02
   2.423333e+01   3.085967e+03   1.099334e+03   3.293834e-02
   2.428214e+01   3.032443e+03   1.087123e+03   3.236967e-02
   2.433104e+01   2.975679e+03   1.071378e+03   3.190907e-02
   2.438004e+01   2.915516e+03   1.051006e+03   3.162725e-02
   2.442914e+01   2.853174e+03   1.027389e+03   3.150622e-02
   2.447834e+01   2.789206e+03   1.001028e+03   3.155830e-02
   2.452764e+01   2.724045e+03   9.723162e+02   3.179872e-02
   2.457704e+01   2.658063e+03   9.416644e+02   3.223717e-02
   2.462654e+01   2.591519e+03   9.089345e+02   3.289050e-02
   2.467613e+01   2.525149e+03   8.743418e+02   3.373800e-02
   2.472583e+01   2.459678e+03   8.394718e+02   3.470035e-02
   2.477563e+01   2.395526e+03   8.048032e+02   3.572313e-02
   2.482552e+01   2.333176e+03   7.707533e+02   3.674259e-02
   2.487552e+01   2.273622e+03   7.375648e+02   3.770108e-02
   2.492562e+01   2.218697e+03   7.055633e+02   3.858717e-02
   2.497582e+01   2.168915e+03   6.754621e+02   3.942614e-02
   2.502612e+01   2.124512e+03   6.475774e+02   4.027367e-02
   2.507652e+01   2.085858e+03   6.220439e+02   4.122648e-02
   2.512702e+01   2.053285e+03   5.989148e+02   4.244827e-02
   2.517763e+01   2.026941e+03   5.781020e+02   4.428311e-02
   2.522833e+01   2.004270e+03   5.593788e+02   4.684017e-02
   2.527914e+01   1.983241e+03   5.423838e+02   5.014441e-02
   2.533005e+01   1.962368e+03   5.266932e+02   5.425930e-02
   2.538107e+01   1.940250e+03   5.118295e+02   5.923740e-02
   2.543218e+01   1.915706e+03   4.970345e+02   6.517126e-02
   2.548340e+01   1.888624e+03   4.823538e+02   7.172303e-02
   2.553472e+01   1.859046e+03   4.676367e+02   7.881773e-02
   2.558615e+01   1.827055e+03   4.527541e+02   8.636614e-02
   2.563768e+01   1.792740e+03   4.375773e+02   9.419227e-02
   2.568931e+01   1.756283e+03   4.220161e+02   1.019298e-01
   2.574105e+01   1.717949e+03   4.063633e+02   1.093965e-01
   2.579289e+01   1.678102e+03   3.907001e+02   1.163517e-01
   2.584484e+01   1.637222e+03   3.751271e+02   1.225682e-01
   2.589689e+01   1.596499e+03   3.597452e+02   1.276642e-01
   2.594904e+01   1.556783e+03   3.448069e+02   1.316206e-01
   2.600130e+01   1.518507e+03   3.304402e+02   1.345155e-01
   2.605367e+01   1.482280e+03   3.167284e+02   1.363724e-01
   2.610614e+01   1.449043e+03   3.038012e+02   1.371880e-01
   2.615871e+01   1.420204e+03   2.919143e+02   1.369462e-01
   2.621140e+01   1.394933e+03   2.809830e+02   1.359704e-01
   2.626419e+01   1.373351e+03   2.710303e+02   1.343724e-01
   2.631708e+01   1.355705e+03   2.621199e+02   1.322369e-01
   2.637008e+01   1.342875e+03   2.545070e+02   1.295947e-01
   2.642319e+01   1.333632e+03   2.480098e+02   1.266563e-01
   2.647640e+01   1.327377e+03   2.425397e+02   1.235217e-01
   2.652973e+01   1.323783e+03   2.380667e+02   1.202494e-01
   2.658316e+01   1.323087e+03   2.347700e+02   1.168977e-01
   2.663669e+01   1.324097e+03   2.323732e+02   1.135801e-01
   2.669034e+01   1.326153e+03   2.306767e+02   1.103450e-01
   2.674409e+01   1.328972e+03   2.295733e+02   1.072273e-01
   2.679795e+01   1.332505e+03   2.290390e+02   1.043574e-01
   2.685192e+01   1.336310e+03   2.288046e+02   1.018028e-01
   2.690600e+01   1.340321e+03   2.287073e+02   9.956000e-02
   2.696019e+01   1.344680e+03   2.286767e+02   9.766223e-02
   2.701449e+01   1.349609e+03   2.285969e+02   9.635046e-02
   2.706889e+01   1.355283e+03   2.283791e+02   9.563351e-02
   2.712341e+01   1.361944e+03   2.280543e+02   9.546120e-02
   2.717803e+01   1.369813e+03   2.276531e+02   9.589026e-02
   2.723277e+01   1.379102e+03   2.270829e+02   9.722189e-02
   2.728761e+01   1.389812e+03   2.264623e+02   9.931821e-02
   2.734257e+01   1.401862e+03   2.259083e+02   1.020936e-01
   2.739764e+01   1.415101e+03   2.254618e+02   1.055886e-01
   2.745281e+01   1.429170e+03   2.250520e+02   1.099274e-01
   2.750810e+01   1.443669e+03   2.248634e+02   1.147729e-01
   2.756350e+01   1.458177e+03   2.249415e+02   1.200209e-01
   2.761901e+01   1.472120e+03   2.252681e+02   1.255589e-01
   2.767464e+01   1.484786e+03   2.258145e+02   1.311056e-01
   2.773037e+01   1.495985e+03   2.266759e+02   1.364835e-01
   2.778622e+01   1.505317e+03   2.278273e+02   1.415635e-01
   2.784218e+01   1.512285e+03   2.292013e+02   1.460416e-01
   2.789825e+01   1.516840e+03   2.307977e+02   1.498199e-01
   2.795444e+01   1.519031e+03   2.326048e+02   1.529403e-01
   2.801074e+01   1.518840e+03   2.345743e+02   1.553515e-01
   2.806715e+01   1.516180e+03   2.365959e+02   1.568527e-01
   2.812368e+01   1.511368e+03   2.386803e+02   1.577261e-01
   2.818032e+01   1.504523e+03   2.407749e+02   1.580220e-01
   2.823707e+01   1.495694e+03   2.427781e+02   1.577235e-01
   2.829394e+01   1.484994e+03   2.446256e+02   1.569483e-01
   2.835092e+01   1.472624e+03   2.463133e+02   1.558383e-01
   2.840802e+01   1.458700e+03   2.477900e+02   1.544405e-01
   2.846523e+01   1.443073e+03   2.488817e+02   1.527890e-01
   2.852256e+01   1.426057e+03   2.496642e+02   1.510004e-01
   2.858000e+01   1.407809e+03   2.501232e+02   1.491076e-01
   2.863756e+01   1.388170e+03   2.500983e+02   1.471548e-01
   2.869523e+01   1.367326e+03   2.496057e+02   1.451927e-01
   2.875302e+01   1.345601e+03   2.487280e+02   1.432356e-01
   2.881093e+01   1.322997e+03   2.473935e+02   1.413160e-01
   2.886896e+01   1.299427e+03   2.454655e+02   1.394912e-01
   2.892710e+01   1.275448e+03   2.431677e+02   1.377366e-01
   2.898535e+01   1.251196e+03   2.405131e+02   1.360671e-01
   2.904373e+01   1.226454e+03   2.372625e+02   1.345725e-01
   2.910222e+01   1.201820e+03   2.337046e+02   1.332019e-01
   2.916083e+01   1.177496e+03   2.299351e+02   1.319499e-01
   2.921956e+01   1.153307e+03   2.256973e+02   1.309282e-01
   2.927841e+01   1.129676e+03   2.212379e+02   1.300885e-01
   2.933737e+01   1.106758e+03   2.167057e+02   1.294043e-01
   2.939646e+01   1.084477e+03   2.119284e+02   1.289693e-01
   2.945566e+01   1.063001e+03   2.070044e+02   1.287737e-01
   2.951498e+01   1.042346e+03   2.021308e+02   1.287556e-01
   2.957442e+01   1.022428e+03   1.971943e+02   1.289787e-01
   2.963399e+01   1.003295e+03   1.921914e+02   1.294513e-01
   2.969367e+01   9.847614e+02   1.873148e+02   1.300848e-01
   2.975347e+01   9.667121e+02   1.824869e+02   1.309050e-01
   2.981339e+01   9.492048e+02   1.776636e+02   1.318965e-01
   2.987343e+01   9.319145e+02   1.729935e+02   1.329757e-01
   2.993360e+01   9.147530e+02   1.684210e+02   1.341318e-01
   2.999388e+01   8.979268e+02   1.639083e+02   1.353019e-01
   3.005429e+01   8.810551e+02   1.595446e+02   1.364488e-01
   3.011482e+01   8.641608e+02   1.552923e+02   1.375409e-01
   3.017547e+01   8.476686e+02   1.511372e+02   1.384884e-01
   3.023624e+01   8.311528e+02   1.471147e+02   1.393195e-01
   3.029713e+01   8.147721e+02   1.432030e+02   1.400023e-01
   3.035815e+01   7.991010e+02   1.394089e+02   1.404615e-01
   3.041929e+01   7.836254e+02   1.357297e+02   1.407705e-01
   3.048055e+01   7.686072e+02   1.321566e+02   1.409060e-01
   3.054194e+01   7.545922e+02   1.287046e+02   1.408285e-01
   3.060345e+01   7.410135e+02   1.253519e+02   1.406177e-01
   3.066508e+01   7.281954e+02   1.221005e+02   1.402577e-01
   3.072684e+01   7.165299e+02   1.189634e+02   1.397381e-01
   3.078872e+01   7.054532e+02   1.159127e+02   1.391231e-01
   3.085073e+01   6.953622e+02   1.129589e+02   1.383974e-01
   3.091286e+01   6.864224e+02   1.101069e+02   1.375686e-01
   3.097512e+01   6.781470e+02   1.073317e+02   1.366797e-01
   3.103750e+01   6.710203e+02   1.046515e+02   1.357137e-01
   3.110001e+01   6.649646e+02   1.020605e+02   1.346868e-01
   3.116264e+01   6.596066e+02   9.953916e+01   1.336247e-01
   3.122540e+01   6.555588e+02   9.711356e+01   1.325067e-01
   3.128829e+01   6.524663e+02   9.476645e+01   1.313556e-01
   3.135130e+01   6.500928e+02   9.248571e+01   1.301846e-01
   3.141444e+01   6.492275e+02   9.030605e+01   1.289680e-01
   3.147771e+01   6.491874e+02   8.819630e+01   1.277353e-01
   3.154111e+01   6.500206e+02   8.615813e+01   1.264861e-01
   3.160463e+01   6.523807e+02   8.422104e+01   1.252007e-01
   3.166828e+01   6.555399e+02   8.235263e+01   1.239049e-01
   3.173206e+01   6.598503e+02   8.056948e+01   1.225878e-01
   3.179596e+01   6.655896e+02   7.888634e+01   1.212419e-01
   3.186000e+01   6.721713e+02   7.727645e+01   1.198846e-01
   3.192416e+01   6.802880e+02   7.577505e+01   1.184950e-01
   3.198846e+01   6.896741e+02   7.437251e+01   1.170805e-01
   3.205288e+01   6.999929e+02   7.305313e+01   1.156496e-01
   3.211743e+01   7.122954e+02   7.187650e+01   1.141701e-01
   3.218212e+01   7.256570e+02   7.079771e+01   1.126680e-01
   3.224693e+01   7.403494e+02   6.983485e+01   1.111341e-01
   3.231187e+01   7.569611e+02   6.903037e+01   1.095487e-01
   3.237695e+01   7.746194e+02   6.833626e+01   1.079373e-01
   3.244215e+01   7.941613e+02   6.781367e+01   1.062737e-01
   3.250749e+01   8.152612e+02   6.745219e+01   1.045671e-01
   3.257296e+01   8.375271e+02   6.722947e+01   1.028298e-01
   3.263856e+01   8.620508e+02   6.724358e+01   1.010288e-01
   3.270429e+01   8.877028e+02   6.741838e+01   9.920079e-02
   3.277016e+01   9.149248e+02   6.780337e+01   9.733438e-02
   3.283615e+01   9.438477e+02   6.843490e+01   9.542931e-02
   3.290228e+01   9.737094e+02   6.925294e+01   9.351144e-02
   3.296855e+01   1.005289e+03   7.036938e+01   9.156305e-02
   3.303495e+01   1.037698e+03   7.171358e+01   8.961433e-02
   3.310148e+01   1.070883e+03   7.330341e+01   8.767017e-02
   3.316814e+01   1.104927e+03   7.520182e+01   8.573654e-02
   3.323494e+01   1.139027e+03   7.731694e+01   8.383299e-02
   3.330187e+01   1.173305e+03   7.973334e+01   8.196577e-02
   3.336894e+01   1.207135e+03   8.238684e+01   8.015024e-02
   3.343615e+01   1.240222e+03   8.525688e+01   7.838905e-02
   3.350348e+01   1.272191e+03   8.838536e+01   7.671032e-02
   3.357096e+01   1.302702e+03   9.166759e+01   7.509825e-02
   3.363857e+01   1.331274e+03   9.513735e+01   7.358735e-02
   3.370632e+01   1.357573e+03   9.872108e+01   7.217813e-02
   3.377420e+01   1.381539e+03   1.023867e+02   7.085484e-02
   3.384222e+01   1.401993e+03   1.060956e+02   6.971095e-02
   3.391038e+01   1.419770e+03   1.097937e+02   6.865388e-02
   3.397867e+01   1.433206e+03   1.134122e+02   6.782247e-02
   3.404710e+01   1.442692e+03   1.168893e+02   6.717602e-02
   3.411567e+01   1.448413e+03   1.202190e+02   6.670849e-02
   3.418438e+01   1.447684e+03   1.231691e+02   6.664105e-02
   3.425322e+01   1.444131e+03   1.259560e+02   6.670715e-02
   3.432221e+01   1.432669e+03   1.281442e+02   6.732773e-02
   3.439133e+01   1.417836e+03   1.300398e+02   6.816477e-02
   3.446059e+01   1.398072e+03   1.314942e+02   6.937505e-02
   3.452999e+01   1.373796e+03   1.324399e+02   7.086748e-02
   3.459954e+01   1.347936e+03   1.332136e+02   7.250661e-02
   3.466922e+01   1.317991e+03   1.333627e+02   7.421684e-02
   3.473904e+01   1.288038e+03   1.334428e+02   7.588382e-02
   3.480900e+01   1.256818e+03   1.331658e+02   7.736026e-02
   3.487911e+01   1.225773e+03   1.327298e+02   7.864961e-02
   3.494935e+01   1.194892e+03   1.321433e+02   7.974955e-02
   3.501974e+01   1.164456e+03   1.313047e+02   8.062066e-02
   3.509027e+01   1.134640e+03   1.304402e+02   8.141209e-02
   3.516094e+01   1.105432e+03   1.292674e+02   8.207736e-02
   3.523175e+01   1.076934e+03   1.280725e+02   8.274125e-02
   3.530270e+01   1.049099e+03   1.266970e+02   8.341384e-02
   3.537380e+01   1.021934e+03   1.252216e+02   8.413827e-02
   3.544504e+01   9.954326e+02   1.236888e+02   8.491350e-02
   3.551643e+01   9.695270e+02   1.219945e+02   8.578775e-02
   3.558796e+01   9.442421e+02   1.203422e+02   8.670584e-02
   3.565963e+01   9.195091e+02   1.185059e+02   8.773616e-02
   3.573145e+01   8.953225e+02   1.167293e+02   8.880297e-02
   3.580341e+01   8.716558e+02   1.148634e+02   8.994206e-02
   3.587551e+01   8.484955e+02   1.130137e+02   9.111560e-02
   3.594776e+01   8.257644e+02   1.111578e+02   9.232443e-02
   3.602016e+01   8.035729e+02   1.092822e+02   9.355374e-02
   3.609270e+01   7.816607e+02   1.074585e+02   9.479539e-02
   3.616539e+01   7.603723e+02   1.055921e+02   9.603334e-02
   3.623823e+01   7.392399e+02   1.038016e+02   9.727136e-02
   3.631121e+01   7.187189e+02   1.019817e+02   9.847825e-02
   3.638434e+01   6.983558e+02   1.002248e+02   9.966988e-02
   3.645762e+01   6.784352e+02   9.847286e+01   1.008160e-01
   3.653104e+01   6.587751e+02   9.676102e+01   1.019197e-01
   3.660461e+01   6.393813e+02   9.507649e+01   1.029728e-01
   3.667833e+01   6.203813e+02   9.341609e+01   1.039475e-01
   3.675220e+01   6.014818e+02   9.179613e+01   1.048750e-01
   3.682622e+01   5.831437e+02   9.019015e+01   1.056834e-01
   3.690038e+01   5.647588e+02   8.863104e+01   1.064548e-01
   3.697470e+01   5.471284e+02   8.708116e+01   1.070689e-01
   3.704917e+01   5.294694e+02   8.557491e+01   1.076392e-01
   3.712378e+01   5.124722e+02   8.408675e+01   1.080659e-01
   3.719855e+01   4.956325e+02   8.263406e+01   1.084238e-01
   3.727346e+01   4.793497e+02   8.120497e+01   1.086601e-01
   3.734853e+01   4.634214e+02   7.980647e+01   1.088088e-01
   3.742375e+01   4.479354e+02   7.843431e+01   1.088614e-01
   3.749912e+01   4.329929e+02   7.709045e+01   1.088156e-01
   3.757464e+01   4.183698e+02   7.577337e+01   1.086990e-01
   3.765031e+01   4.044575e+02   7.448428e+01   1.084814e-01
   3.772614e+01   3.907389e+02   7.322089e+01   1.082157e-01
   3.780212e+01   3.778709e+02   7.198628e+01   1.078529e-01
   3.787825e+01   3.650910e+02   7.077537e+01   1.074597e-01
   3.795453e+01   3.532373e+02   6.959431e+01   1.069800e-01
   3.803097e+01   3.414639e+02   6.843530e+01   1.064780e-01
   3.810756e+01   3.305091e+02   6.730567e+01   1.059117e-01
   3.818431e+01   3.197162e+02   6.619751e+01   1.053247e-01
   3.826121e+01   3.096074e+02   6.511721e+01   1.046930e-01
   3.833827e+01   2.997378e+02   6.405839e+01   1.040428e-01
   3.841548e+01   2.904246e+02   6.302550e+01   1.033634e-01
   3.849285e+01   2.814094e+02   6.201424e+01   1.026688e-01
   3.857037e+01   2.728428e+02   6.102662e+01   1.019561e-01
   3.864805e+01   2.646115e+02   6.006080e+01   1.012323e-01
   3.872588e+01   2.567344e+02   5.911634e+01   1.004983e-01
   3.880388e+01   2.492169e+02   5.819386e+01   9.975737e-02
   3.888203e+01   2.419757e+02   5.729058e+01   9.901194e-02
   3.896033e+01   2.351044e+02   5.640931e+01   9.826354e-02
   3.903880e+01   2.284450e+02   5.554518e+01   9.751436e-02
   3.911742e+01   2.221555e+02   5.470285e+01   9.676558e-02
   3.919620e+01   2.160267e+02   5.387577e+01   9.601842e-02
   3.927514e+01   2.102620e+02   5.307027e+01   9.527484e-02
   3.935424e+01   2.046178e+02   5.227840e+01   9.453439e-02
   3.943349e+01   1.993237e+02   5.150768e+01   9.380003e-02
   3.951291e+01   1.941185e+02   5.074919e+01   9.306967e-02
   3.959249e+01   1.892482e+02   5.001125e+01   9.234737e-02
   3.967223e+01   1.844435e+02   4.928430e+01   9.162952e-02
   3.975212e+01   1.799527e+02   4.857718e+01   9.092113e-02
   3.983218e+01   1.755102e+02   4.788004e+01   9.021742e-02
   3.991240e+01   1.713607e+02   4.720209e+01   8.952445e-02
   3.999279e+01   1.672475e+02   4.653329e+01   8.883622e-02
   4.007333e+01   1.634060e+02   4.588274e+01   8.815930e-02
   4.015403e+01   1.595931e+02   4.524065e+01   8.748713e-02
   4.023490e+01   1.560290e+02   4.461595e+01   8.682668e-02
   4.031593e+01   1.524888e+02   4.399920e+01   8.617099e-02
   4.039713e+01   1.491747e+02   4.339891e+01   8.552721e-02
   4.047849e+01   1.458825e+02   4.280619e+01   8.488816e-02
   4.056001e+01   1.427945e+02   4.222889e+01   8.426081e-02
   4.064169e+01   1.397284e+02   4.165884e+01   8.363819e-02
   4.072354e+01   1.368460e+02   4.110324e+01   8.302700e-02
   4.080556e+01   1.339872e+02   4.055471e+01   8.242060e-02
   4.088774e+01   1.312905e+02   4.001971e+01   8.182535e-02
   4.097009e+01   1.286199e+02   3.949166e+01   8.123502e-02
   4.105260e+01   1.260932e+02   3.897607e+01   8.065516e-02
   4.113528e+01   1.235962e+02   3.846735e+01   8.008032e-02
   4.121812e+01   1.212234e+02   3.797018e+01   7.951538e-02
   4.130113e+01   1.188840e+02   3.747989e+01   7.895566e-02
   4.138431e+01   1.166527e+02   3.700016e+01   7.840515e-02
   4.146766e+01   1.144598e+02   3.652735e+01   7.786007e-02
   4.155117e+01   1.123579e+02   3.606417e+01   7.732342e-02
   4.163485e+01   1.102984e+02   3.560797e+01   7.679242e-02
   4.171870e+01   1.083148e+02   3.516051e+01   7.626914e-02
   4.180272e+01   1.063781e+02   3.472013e+01   7.575181e-02
   4.188691e+01   1.045035e+02   3.428762e+01   7.524136e-02
   4.197127e+01   1.026809e+02   3.386232e+01   7.473713e-02
   4.205580e+01   1.009065e+02   3.344402e+01   7.423901e-02
   4.214050e+01   9.918820e+01   3.303307e+01   7.374743e-02
   4.222536e+01   9.750635e+01   3.262830e+01   7.326114e-02
   4.231040e+01   9.588614e+01   3.223100e+01   7.278165e-02
   4.239562e+01   9.429028e+01   3.183912e+01   7.230667e-02
   4.248100e+01   9.275913e+01   3.145490e+01   7.183886e-02
   4.256655e+01   9.124191e+01   3.107536e+01   7.137479e-02
   4.265228e+01   8.979372e+01   3.070362e+01   7.091827e-02
   4.273818e+01   8.835055e+01   3.033589e+01   7.046476e-02
   4.282425e+01   8.697978e+01   2.997595e+01   7.001885e-02
   4.291050e+01   8.561138e+01   2.961973e+01   6.957568e-02
   4.299692e+01   8.430635e+01   2.927088e+01   6.913976e-02
   4.308351e+01   8.300910e+01   2.892594e+01   6.870690e-02
   4.317028e+01   8.176291e+01   2.858748e+01   6.828031e-02
   4.325722e+01   8.053289e+01   2.825334e+01   6.785735e-02
   4.334434e+01   7.934087e+01   2.792483e+01   6.743972e-02
   4.343163e+01   7.817238e+01   2.760098e+01   6.702625e-02
   4.351910e+01   7.703139e+01   2.728199e+01   6.661721e-02
   4.360675e+01   7.592168e+01   2.696801e+01   6.621283e-02
   4.369457e+01   7.482900e+01   2.665815e+01   6.581205e-02
   4.378257e+01   7.377407e+01   2.635366e+01   6.541647e-02
   4.387075e+01   7.272649e+01   2.605259e+01   6.502366e-02
   4.395910e+01   7.172218e+01   2.575719e+01   6.463654e-02
   4.404763e+01   7.071910e+01   2.546472e+01   6.425163e-02
   4.413634e+01   6.975955e+01   2.517782e+01   6.387239e-02
   4.422523e+01   6.880388e+01   2.489393e+01   6.349551e-02
   4.431430e+01   6.788096e+01   2.461488e+01   6.312339e-02
   4.440354e+01   6.696997e+01   2.433928e+01   6.275427e-02
   4.449297e+01   6.608103e+01   2.406780e+01   6.238907e-02
   4.458258e+01   6.521089e+01   2.380016e+01   6.202746e-02
   4.467236e+01   6.435448e+01   2.353595e+01   6.166893e-02
   4.476233e+01   6.352493e+01   2.327596e+01   6.131456e-02
   4.485248e+01   6.270010e+01   2.301877e+01   6.096246e-02
   4.494281e+01   6.190703e+01   2.276613e+01   6.061502e-02
   4.503333e+01   6.111509e+01   2.251596e+01   6.026949e-02
   4.512402e+01   6.035270e+01   2.227013e+01   5.992843e-02
   4.521490e+01   5.959564e+01   2.202697e+01   5.958961e-02
   4.530596e+01   5.885868e+01   2.178745e+01   5.925435e-02
   4.539720e+01   5.813413e+01   2.155101e+01   5.892194e-02
   4.548863e+01   5.742154e+01   2.131759e+01   5.859231e-02
   4.558024e+01   5.672837e+01   2.108765e+01   5.826610e-02
   4.567204e+01   5.603908e+01   2.086014e+01   5.794192e-02
   4.576402e+01   5.537439e+01   2.063644e+01   5.762174e-02
   4.585619e+01   5.471072e+01   2.041491e+01   5.730327e-02
   4.594854e+01   5.406989e+01   2.019697e+01   5.698852e-02
   4.604108e+01   5.343442e+01   1.998142e+01   5.667584e-02
   4.613380e+01   5.281258e+01   1.976885e+01   5.636609e-02
   4.622671e+01   5.220215e+01   1.955907e+01   5.605902e-02
   4.631981e+01   5.159852e+01   1.935170e+01   5.575412e-02
   4.641310e+01   5.101307e+01   1.914747e+01   5.545247e-02
   4.650657e+01   5.042857e+01   1.894520e+01   5.515239e-02
   4.660023e+01   4.986535e+01   1.874623e+01   5.485583e-02
   4.669408e+01   4.930418e+01   1.854924e+01   5.456090e-02
   4.678812e+01   4.875686e+01   1.835504e+01   5.426883e-02
   4.688235e+01   4.821806e+01   1.816322e+01   5.397903e-02
   4.697677e+01   4.768588e+01   1.797362e+01   5.369130e-02
   4.707138e+01   4.716793e+01   1.778675e+01   5.340637e-02
   4.716618e+01   4.665084e+01   1.760164e+01   5.312289e-02
   4.726117e+01   4.615103e+01   1.741950e+01   5.284264e-02
   4.735635e+01   4.565273e+01   1.723912e+01   5.256388e-02
   4.745173e+01   4.516628e+01   1.706121e+01   5.228764e-02
   4.754729e+01   4.468764e+01   1.688544e+01   5.201350e-02
   4.764305e+01   4.421385e+01   1.671162e+01   5.174116e-02
   4.773900e+01   4.375299e+01   1.654027e+01   5.147145e-02
   4.783514e+01   4.329291e+01   1.637054e+01   5.120309e-02
   4.793148e+01   4.284752e+01   1.620337e+01   5.093752e-02
   4.802801e+01   4.240482e+01   1.603790e+01   5.067347e-02
   4.812474e+01   4.196971e+01   1.587449e+01   5.041151e-02
   4.822166e+01   4.154233e+01   1.571313e+01   5.015164e-02
   4.831878e+01   4.111706e+01   1.555338e+01   4.989322e-02
   4.841609e+01   4.070495e+01   1.539600e+01   4.963741e-02
   4.851360e+01   4.029358e+01   1.524010e+01   4.938285e-02
   4.861130e+01   3.989268e+01   1.508629e+01   4.913056e-02
   4.870920e+01   3.949684e+01   1.493421e+01   4.887996e-02
   4.880730e+01   3.910504e+01   1.478379e+01   4.863096e-02
   4.890559e+01   3.872286e+01   1.463541e+01   4.838418e-02
   4.900409e+01   3.834136e+01   1.448842e+01   4.813860e-02
   4.910278e+01   3.797019e+01   1.434349e+01   4.789533e-02
   4.920167e+01   3.760149e+01   1.420005e+01   4.765346e-02
   4.930076e+01   3.723849e+01   1.405825e+01   4.741327e-02
   4.940005e+01   3.688368e+01   1.391826e+01   4.717503e-02
   4.949954e+01   3.652952e+01   1.377956e+01   4.693793e-02
   4.959923e+01   3.618434e+01   1.364285e+01   4.670310e-02
   4.969912e+01   3.584027e+01   1.350745e+01   4.646947e-02
   4.979921e+01   3.550245e+01   1.337365e+01   4.623754e-02
   4.989950e+01   3.517135e+01   1.324148e+01   4.600736e-02
   5.000000e+01   3.484088e+01   1.311053e+01   4.577828e-02