#============================================================================
# Opacities computed by OpTool
# Method:   DHS  fmax=  0.800
# Parameters:
#   amin [um]=      5.000 amax [um]=      5.000  na  =    1     apow=   3.5    
#   lmin [um]=      6.700 lmax [um]=     50.000  nlam= 1000     nang=   180
#   porosity =      0.000 p_mantle =      0.000  fmax= 0.80     chop=   0.0
# Composition:
#  Where   mfrac  rho   Material
#  -----   -----  ----  -----------------------------------------------------
#  core    0.333  3.30  /Users/jvarga/Dokumentumok/MATISSE/pro/optool/lnk_data/ad/oliSC_x_551K.lnk
#  core    0.333  3.30  /Users/jvarga/Dokumentumok/MATISSE/pro/optool/lnk_data/ad/oliSC_y_551K.lnk
#  core    0.333  3.30  /Users/jvarga/Dokumentumok/MATISSE/pro/optool/lnk_data/ad/oliSC_z_551K.lnk
#  - - -   - - -  -  -  - - - - - - - - - - - - - - - - - - - - - - - - - - -
#============================================================================
# Standard output file, no scattering matrix
#    iformat
#    nlambda
#    lambda[um]  kabs [cm^2/g]  ksca [cm^2/g]    g_asymmetry
#============================================================================
           3
        1000
   6.700000e+00   3.435032e+01   1.831094e+03   7.856083e-01
   6.713493e+00   3.455180e+01   1.821495e+03   7.857428e-01
   6.727014e+00   3.474837e+01   1.811854e+03   7.858819e-01
   6.740562e+00   3.495534e+01   1.802149e+03   7.860252e-01
   6.754137e+00   3.516630e+01   1.792402e+03   7.861747e-01
   6.767740e+00   3.536911e+01   1.782623e+03   7.863255e-01
   6.781370e+00   3.560061e+01   1.772750e+03   7.864856e-01
   6.795027e+00   3.580570e+01   1.762884e+03   7.866433e-01
   6.808712e+00   3.602154e+01   1.752952e+03   7.868060e-01
   6.822424e+00   3.624993e+01   1.742964e+03   7.869737e-01
   6.836164e+00   3.646145e+01   1.732942e+03   7.871423e-01
   6.849932e+00   3.669683e+01   1.722859e+03   7.873146e-01
   6.863727e+00   3.694312e+01   1.712700e+03   7.874907e-01
   6.877551e+00   3.718544e+01   1.702497e+03   7.876685e-01
   6.891402e+00   3.742048e+01   1.692265e+03   7.878450e-01
   6.905281e+00   3.767182e+01   1.681955e+03   7.880251e-01
   6.919188e+00   3.792256e+01   1.671610e+03   7.882022e-01
   6.933123e+00   3.816287e+01   1.661194e+03   7.883824e-01
   6.947086e+00   3.842367e+01   1.650719e+03   7.885614e-01
   6.961077e+00   3.869117e+01   1.640149e+03   7.887408e-01
   6.975096e+00   3.895047e+01   1.629554e+03   7.889171e-01
   6.989143e+00   3.921182e+01   1.618883e+03   7.890915e-01
   7.003219e+00   3.949369e+01   1.608102e+03   7.892667e-01
   7.017323e+00   3.978080e+01   1.597260e+03   7.894386e-01
   7.031456e+00   4.006783e+01   1.586339e+03   7.896073e-01
   7.045617e+00   4.036432e+01   1.575314e+03   7.897749e-01
   7.059806e+00   4.064568e+01   1.564233e+03   7.899356e-01
   7.074025e+00   4.094029e+01   1.553047e+03   7.900934e-01
   7.088271e+00   4.124532e+01   1.541743e+03   7.902486e-01
   7.102547e+00   4.153426e+01   1.530384e+03   7.903970e-01
   7.116851e+00   4.184963e+01   1.518901e+03   7.905441e-01
   7.131184e+00   4.213944e+01   1.507343e+03   7.906817e-01
   7.145546e+00   4.245663e+01   1.495649e+03   7.908167e-01
   7.159937e+00   4.277187e+01   1.483867e+03   7.909487e-01
   7.174356e+00   4.309954e+01   1.471944e+03   7.910739e-01
   7.188805e+00   4.340112e+01   1.459987e+03   7.911900e-01
   7.203283e+00   4.372252e+01   1.447865e+03   7.913053e-01
   7.217790e+00   4.403930e+01   1.435652e+03   7.914135e-01
   7.232326e+00   4.438545e+01   1.423335e+03   7.915185e-01
   7.246892e+00   4.470492e+01   1.410918e+03   7.916150e-01
   7.261487e+00   4.504660e+01   1.398399e+03   7.917089e-01
   7.276111e+00   4.537025e+01   1.385796e+03   7.917947e-01
   7.290765e+00   4.569984e+01   1.373110e+03   7.918767e-01
   7.305448e+00   4.603538e+01   1.360310e+03   7.919530e-01
   7.320161e+00   4.638159e+01   1.347396e+03   7.920271e-01
   7.334904e+00   4.673379e+01   1.334415e+03   7.920965e-01
   7.349676e+00   4.707380e+01   1.321388e+03   7.921595e-01
   7.364478e+00   4.741891e+01   1.308246e+03   7.922191e-01
   7.379309e+00   4.775589e+01   1.295063e+03   7.922727e-01
   7.394171e+00   4.811809e+01   1.281787e+03   7.923258e-01
   7.409062e+00   4.846675e+01   1.268448e+03   7.923745e-01
   7.423984e+00   4.882055e+01   1.255054e+03   7.924189e-01
   7.438935e+00   4.917169e+01   1.241624e+03   7.924597e-01
   7.453917e+00   4.955958e+01   1.228087e+03   7.925035e-01
   7.468929e+00   4.993712e+01   1.214517e+03   7.925421e-01
   7.483971e+00   5.029099e+01   1.200930e+03   7.925764e-01
   7.499043e+00   5.068376e+01   1.187270e+03   7.926129e-01
   7.514146e+00   5.105884e+01   1.173575e+03   7.926465e-01
   7.529279e+00   5.143769e+01   1.159837e+03   7.926792e-01
   7.544443e+00   5.183856e+01   1.146072e+03   7.927138e-01
   7.559637e+00   5.225399e+01   1.132280e+03   7.927481e-01
   7.574862e+00   5.264033e+01   1.118440e+03   7.927818e-01
   7.590117e+00   5.305568e+01   1.104572e+03   7.928189e-01
   7.605403e+00   5.347397e+01   1.090670e+03   7.928563e-01
   7.620720e+00   5.391197e+01   1.076730e+03   7.928981e-01
   7.636068e+00   5.433321e+01   1.062785e+03   7.929408e-01
   7.651447e+00   5.478803e+01   1.048797e+03   7.929891e-01
   7.666856e+00   5.523327e+01   1.034794e+03   7.930395e-01
   7.682297e+00   5.567858e+01   1.020777e+03   7.930932e-01
   7.697769e+00   5.614616e+01   1.006707e+03   7.931540e-01
   7.713272e+00   5.661394e+01   9.926168e+02   7.932197e-01
   7.728806e+00   5.710231e+01   9.784922e+02   7.932916e-01
   7.744371e+00   5.758736e+01   9.643603e+02   7.933683e-01
   7.759968e+00   5.808069e+01   9.501856e+02   7.934521e-01
   7.775596e+00   5.859352e+01   9.359776e+02   7.935434e-01
   7.791256e+00   5.912717e+01   9.217210e+02   7.936438e-01
   7.806947e+00   5.964139e+01   9.074740e+02   7.937482e-01
   7.822670e+00   6.017913e+01   8.931773e+02   7.938606e-01
   7.838425e+00   6.072998e+01   8.788497e+02   7.939812e-01
   7.854211e+00   6.127462e+01   8.644981e+02   7.941075e-01
   7.870029e+00   6.185050e+01   8.501046e+02   7.942437e-01
   7.885879e+00   6.242153e+01   8.356889e+02   7.943853e-01
   7.901760e+00   6.300412e+01   8.212440e+02   7.945339e-01
   7.917674e+00   6.361114e+01   8.067582e+02   7.946906e-01
   7.933620e+00   6.421276e+01   7.922562e+02   7.948520e-01
   7.949598e+00   6.484923e+01   7.777113e+02   7.950215e-01
   7.965608e+00   6.545388e+01   7.631633e+02   7.951924e-01
   7.981650e+00   6.609635e+01   7.485892e+02   7.953695e-01
   7.997725e+00   6.675228e+01   7.339799e+02   7.955522e-01
   8.013832e+00   6.740753e+01   7.193684e+02   7.957367e-01
   8.029972e+00   6.808780e+01   7.047523e+02   7.959242e-01
   8.046144e+00   6.876741e+01   6.900981e+02   7.961148e-01
   8.062348e+00   6.946857e+01   6.754652e+02   7.963063e-01
   8.078585e+00   7.017754e+01   6.608344e+02   7.964984e-01
   8.094855e+00   7.087728e+01   6.462075e+02   7.966888e-01
   8.111158e+00   7.161160e+01   6.315836e+02   7.968805e-01
   8.127493e+00   7.234222e+01   6.170058e+02   7.970695e-01
   8.143862e+00   7.311667e+01   6.024005e+02   7.972606e-01
   8.160263e+00   7.387976e+01   5.878689e+02   7.974461e-01
   8.176697e+00   7.465991e+01   5.733489e+02   7.976303e-01
   8.193165e+00   7.546011e+01   5.588744e+02   7.978120e-01
   8.209666e+00   7.628589e+01   5.444396e+02   7.979918e-01
   8.226199e+00   7.710939e+01   5.300836e+02   7.981658e-01
   8.242767e+00   7.794595e+01   5.157740e+02   7.983371e-01
   8.259367e+00   7.879656e+01   5.015462e+02   7.985038e-01
   8.276001e+00   7.968167e+01   4.873857e+02   7.986693e-01
   8.292669e+00   8.057697e+01   4.733028e+02   7.988307e-01
   8.309370e+00   8.148618e+01   4.593392e+02   7.989881e-01
   8.326104e+00   8.242525e+01   4.454396e+02   7.991438e-01
   8.342873e+00   8.336885e+01   4.316852e+02   7.992945e-01
   8.359675e+00   8.433866e+01   4.180399e+02   7.994427e-01
   8.376511e+00   8.533078e+01   4.045096e+02   7.995892e-01
   8.393381e+00   8.634390e+01   3.911213e+02   7.997325e-01
   8.410285e+00   8.740347e+01   3.778963e+02   7.998745e-01
   8.427223e+00   8.844092e+01   3.648130e+02   8.000116e-01
   8.444195e+00   8.954620e+01   3.518982e+02   8.001489e-01
   8.461201e+00   9.066234e+01   3.391775e+02   8.002824e-01
   8.478241e+00   9.179078e+01   3.266429e+02   8.004122e-01
   8.495316e+00   9.296069e+01   3.143026e+02   8.005401e-01
   8.512425e+00   9.416456e+01   3.022015e+02   8.006642e-01
   8.529569e+00   9.538826e+01   2.903177e+02   8.007843e-01
   8.546747e+00   9.664736e+01   2.786868e+02   8.008997e-01
   8.563960e+00   9.794090e+01   2.673035e+02   8.010106e-01
   8.581207e+00   9.927051e+01   2.562139e+02   8.011157e-01
   8.598489e+00   1.006489e+02   2.454071e+02   8.012161e-01
   8.615806e+00   1.020444e+02   2.348966e+02   8.013086e-01
   8.633158e+00   1.034886e+02   2.247227e+02   8.013946e-01
   8.650545e+00   1.049850e+02   2.148857e+02   8.014748e-01
   8.667967e+00   1.065105e+02   2.054010e+02   8.015476e-01
   8.685424e+00   1.080864e+02   1.962962e+02   8.016138e-01
   8.702916e+00   1.097176e+02   1.875858e+02   8.016748e-01
   8.720443e+00   1.113929e+02   1.793002e+02   8.017302e-01
   8.738005e+00   1.131311e+02   1.714427e+02   8.017838e-01
   8.755603e+00   1.149213e+02   1.640382e+02   8.018357e-01
   8.773237e+00   1.167817e+02   1.571241e+02   8.018891e-01
   8.790906e+00   1.187118e+02   1.507102e+02   8.019469e-01
   8.808610e+00   1.206975e+02   1.448175e+02   8.020117e-01
   8.826350e+00   1.227715e+02   1.394773e+02   8.020890e-01
   8.844126e+00   1.249212e+02   1.347159e+02   8.021806e-01
   8.861938e+00   1.271512e+02   1.305568e+02   8.022919e-01
   8.879785e+00   1.294823e+02   1.270267e+02   8.024273e-01
   8.897669e+00   1.319183e+02   1.241547e+02   8.025915e-01
   8.915588e+00   1.344408e+02   1.219651e+02   8.027858e-01
   8.933544e+00   1.370858e+02   1.204916e+02   8.030134e-01
   8.951535e+00   1.398514e+02   1.197669e+02   8.032739e-01
   8.969563e+00   1.427552e+02   1.198070e+02   8.035651e-01
   8.987628e+00   1.458000e+02   1.206734e+02   8.038802e-01
   9.005728e+00   1.489957e+02   1.223683e+02   8.042056e-01
   9.023865e+00   1.523671e+02   1.249411e+02   8.045208e-01
   9.042039e+00   1.559238e+02   1.284010e+02   8.047950e-01
   9.060249e+00   1.596720e+02   1.327927e+02   8.049839e-01
   9.078496e+00   1.636263e+02   1.381569e+02   8.050290e-01
   9.096780e+00   1.678107e+02   1.444907e+02   8.048509e-01
   9.115100e+00   1.722314e+02   1.518146e+02   8.043441e-01
   9.133458e+00   1.768790e+02   1.601009e+02   8.033799e-01
   9.151852e+00   1.817681e+02   1.693363e+02   8.017941e-01
   9.170283e+00   1.868736e+02   1.794709e+02   7.993811e-01
   9.188752e+00   1.921493e+02   1.904416e+02   7.958998e-01
   9.207258e+00   1.975687e+02   2.021010e+02   7.910622e-01
   9.225801e+00   2.029963e+02   2.142466e+02   7.845685e-01
   9.244381e+00   2.082723e+02   2.266321e+02   7.761563e-01
   9.262999e+00   2.132557e+02   2.390186e+02   7.656161e-01
   9.281654e+00   2.177864e+02   2.511983e+02   7.529371e-01
   9.300347e+00   2.216617e+02   2.630814e+02   7.384510e-01
   9.319077e+00   2.249103e+02   2.747179e+02   7.227877e-01
   9.337845e+00   2.277451e+02   2.861406e+02   7.069129e-01
   9.356651e+00   2.303560e+02   2.975712e+02   6.917427e-01
   9.375495e+00   2.330184e+02   3.091181e+02   6.779699e-01
   9.394377e+00   2.360180e+02   3.207719e+02   6.660458e-01
   9.413297e+00   2.395671e+02   3.324754e+02   6.561493e-01
   9.432255e+00   2.437130e+02   3.442137e+02   6.482036e-01
   9.451251e+00   2.485085e+02   3.558525e+02   6.420679e-01
   9.470285e+00   2.538650e+02   3.672006e+02   6.375048e-01
   9.489358e+00   2.596334e+02   3.779639e+02   6.342283e-01
   9.508469e+00   2.654811e+02   3.879128e+02   6.318389e-01
   9.527619e+00   2.710937e+02   3.967427e+02   6.299653e-01
   9.546807e+00   2.762060e+02   4.041748e+02   6.282716e-01
   9.566034e+00   2.806392e+02   4.100687e+02   6.264776e-01
   9.585299e+00   2.843409e+02   4.145216e+02   6.244193e-01
   9.604604e+00   2.874005e+02   4.180040e+02   6.220941e-01
   9.623947e+00   2.901610e+02   4.213497e+02   6.197284e-01
   9.643329e+00   2.931117e+02   4.255766e+02   6.177065e-01
   9.662750e+00   2.967498e+02   4.316006e+02   6.164244e-01
   9.682211e+00   3.014256e+02   4.400575e+02   6.161556e-01
   9.701710e+00   3.073225e+02   4.512625e+02   6.169864e-01
   9.721249e+00   3.144250e+02   4.652744e+02   6.188148e-01
   9.740827e+00   3.225483e+02   4.819750e+02   6.214108e-01
   9.760445e+00   3.313927e+02   5.011551e+02   6.244971e-01
   9.780102e+00   3.405942e+02   5.225435e+02   6.277872e-01
   9.799798e+00   3.497834e+02   5.458271e+02   6.310511e-01
   9.819535e+00   3.587023e+02   5.707019e+02   6.341461e-01
   9.839311e+00   3.672397e+02   5.968550e+02   6.369964e-01
   9.859127e+00   3.753721e+02   6.239706e+02   6.395551e-01
   9.878982e+00   3.831016e+02   6.517283e+02   6.417808e-01
   9.898878e+00   3.904156e+02   6.797898e+02   6.436233e-01
   9.918814e+00   3.972835e+02   7.078702e+02   6.450388e-01
   9.938790e+00   4.037152e+02   7.356859e+02   6.460134e-01
   9.958806e+00   4.097411e+02   7.629859e+02   6.465877e-01
   9.978863e+00   4.154819e+02   7.895809e+02   6.468350e-01
   9.998960e+00   4.211130e+02   8.153159e+02   6.468027e-01
   1.001910e+01   4.268214e+02   8.400492e+02   6.464740e-01
   1.003928e+01   4.328490e+02   8.636225e+02   6.457713e-01
   1.005949e+01   4.394605e+02   8.858006e+02   6.445710e-01
   1.007975e+01   4.469255e+02   9.062793e+02   6.427172e-01
   1.010005e+01   4.554872e+02   9.245631e+02   6.400748e-01
   1.012039e+01   4.653347e+02   9.399684e+02   6.366002e-01
   1.014078e+01   4.766177e+02   9.516543e+02   6.324422e-01
   1.016120e+01   4.896679e+02   9.587914e+02   6.280617e-01
   1.018166e+01   5.050725e+02   9.605933e+02   6.241987e-01
   1.020217e+01   5.231366e+02   9.561513e+02   6.215980e-01
   1.022272e+01   5.429168e+02   9.446391e+02   6.206914e-01
   1.024330e+01   5.618503e+02   9.260798e+02   6.214649e-01
   1.026393e+01   5.763258e+02   9.021593e+02   6.235012e-01
   1.028460e+01   5.833001e+02   8.767926e+02   6.263015e-01
   1.030532e+01   5.828433e+02   8.560616e+02   6.298403e-01
   1.032607e+01   5.786664e+02   8.456424e+02   6.345439e-01
   1.034687e+01   5.750186e+02   8.474875e+02   6.403838e-01
   1.036771e+01   5.738038e+02   8.596262e+02   6.465285e-01
   1.038859e+01   5.751358e+02   8.788246e+02   6.519364e-01
   1.040951e+01   5.782708e+02   9.017390e+02   6.557033e-01
   1.043047e+01   5.821436e+02   9.254973e+02   6.571177e-01
   1.045148e+01   5.854734e+02   9.481393e+02   6.556692e-01
   1.047253e+01   5.868890e+02   9.693155e+02   6.511135e-01
   1.049362e+01   5.852044e+02   9.903810e+02   6.438942e-01
   1.051475e+01   5.805611e+02   1.012161e+03   6.353852e-01
   1.053593e+01   5.752087e+02   1.032966e+03   6.276601e-01
   1.055715e+01   5.723069e+02   1.050740e+03   6.225289e-01
   1.057841e+01   5.735439e+02   1.065801e+03   6.207043e-01
   1.059971e+01   5.774328e+02   1.080655e+03   6.211943e-01
   1.062106e+01   5.817718e+02   1.096810e+03   6.228103e-01
   1.064245e+01   5.851114e+02   1.114168e+03   6.247237e-01
   1.066388e+01   5.870563e+02   1.131449e+03   6.264576e-01
   1.068536e+01   5.875976e+02   1.147351e+03   6.277102e-01
   1.070688e+01   5.867749e+02   1.160987e+03   6.283554e-01
   1.072844e+01   5.846838e+02   1.172034e+03   6.283910e-01
   1.075005e+01   5.816568e+02   1.181140e+03   6.279232e-01
   1.077170e+01   5.782074e+02   1.190279e+03   6.271774e-01
   1.079339e+01   5.752324e+02   1.201564e+03   6.264645e-01
   1.081513e+01   5.736762e+02   1.216331e+03   6.260683e-01
   1.083691e+01   5.741451e+02   1.235065e+03   6.261528e-01
   1.085874e+01   5.768532e+02   1.257666e+03   6.267522e-01
   1.088061e+01   5.817077e+02   1.283628e+03   6.277894e-01
   1.090252e+01   5.880376e+02   1.312390e+03   6.290738e-01
   1.092448e+01   5.946352e+02   1.343429e+03   6.303818e-01
   1.094648e+01   6.004886e+02   1.376177e+03   6.315907e-01
   1.096852e+01   6.051802e+02   1.410182e+03   6.326998e-01
   1.099061e+01   6.088952e+02   1.445060e+03   6.337400e-01
   1.101275e+01   6.120833e+02   1.480310e+03   6.346979e-01
   1.103493e+01   6.147504e+02   1.515392e+03   6.355101e-01
   1.105715e+01   6.167156e+02   1.549623e+03   6.361269e-01
   1.107942e+01   6.176718e+02   1.582376e+03   6.365033e-01
   1.110173e+01   6.172539e+02   1.613131e+03   6.365777e-01
   1.112409e+01   6.152682e+02   1.641354e+03   6.362972e-01
   1.114650e+01   6.115997e+02   1.666655e+03   6.356687e-01
   1.116894e+01   6.063496e+02   1.688600e+03   6.347796e-01
   1.119144e+01   5.996369e+02   1.706916e+03   6.337188e-01
   1.121398e+01   5.915952e+02   1.721447e+03   6.325338e-01
   1.123656e+01   5.825224e+02   1.731886e+03   6.312714e-01
   1.125919e+01   5.727240e+02   1.738333e+03   6.299734e-01
   1.128187e+01   5.627112e+02   1.740472e+03   6.287177e-01
   1.130459e+01   5.527165e+02   1.738841e+03   6.274934e-01
   1.132735e+01   5.431540e+02   1.733166e+03   6.262867e-01
   1.135017e+01   5.341601e+02   1.724170e+03   6.250619e-01
   1.137303e+01   5.264744e+02   1.711247e+03   6.239541e-01
   1.139593e+01   5.201319e+02   1.695626e+03   6.230103e-01
   1.141888e+01   5.157940e+02   1.677001e+03   6.223719e-01
   1.144188e+01   5.136124e+02   1.656292e+03   6.220992e-01
   1.146492e+01   5.143909e+02   1.633396e+03   6.223987e-01
   1.148801e+01   5.181389e+02   1.609440e+03   6.233680e-01
   1.151115e+01   5.252089e+02   1.585103e+03   6.251688e-01
   1.153433e+01   5.357606e+02   1.561329e+03   6.279256e-01
   1.155756e+01   5.478960e+02   1.540229e+03   6.313344e-01
   1.158084e+01   5.607669e+02   1.522921e+03   6.352347e-01
   1.160416e+01   5.724313e+02   1.510354e+03   6.392075e-01
   1.162753e+01   5.817548e+02   1.502602e+03   6.429242e-01
   1.165095e+01   5.885134e+02   1.498774e+03   6.462333e-01
   1.167441e+01   5.930633e+02   1.497733e+03   6.491237e-01
   1.169792e+01   5.962334e+02   1.498120e+03   6.516789e-01
   1.172148e+01   5.989723e+02   1.498832e+03   6.540659e-01
   1.174509e+01   6.022305e+02   1.498690e+03   6.564007e-01
   1.176874e+01   6.067204e+02   1.496378e+03   6.587162e-01
   1.179245e+01   6.126598e+02   1.490498e+03   6.609617e-01
   1.181620e+01   6.198458e+02   1.479301e+03   6.630357e-01
   1.183999e+01   6.277907e+02   1.461427e+03   6.648793e-01
   1.186384e+01   6.361148e+02   1.437344e+03   6.666087e-01
   1.188773e+01   6.453188e+02   1.409256e+03   6.686462e-01
   1.191167e+01   6.584781e+02   1.378366e+03   6.720036e-01
   1.193566e+01   6.737523e+02   1.357891e+03   6.755826e-01
   1.195970e+01   6.694293e+02   1.383338e+03   6.735458e-01
   1.198379e+01   6.388689e+02   1.439421e+03   6.656378e-01
   1.200792e+01   6.127850e+02   1.477260e+03   6.598052e-01
   1.203210e+01   5.958752e+02   1.498806e+03   6.569944e-01
   1.205634e+01   5.842552e+02   1.513154e+03   6.559555e-01
   1.208062e+01   5.746365e+02   1.525322e+03   6.557217e-01
   1.210495e+01   5.655243e+02   1.537162e+03   6.558545e-01
   1.212933e+01   5.562140e+02   1.549344e+03   6.561175e-01
   1.215375e+01   5.468709e+02   1.561755e+03   6.564659e-01
   1.217823e+01   5.377531e+02   1.574136e+03   6.568353e-01
   1.220276e+01   5.290878e+02   1.586214e+03   6.571551e-01
   1.222733e+01   5.209229e+02   1.598114e+03   6.573611e-01
   1.225196e+01   5.135317e+02   1.609862e+03   6.574168e-01
   1.227663e+01   5.070820e+02   1.621402e+03   6.573011e-01
   1.230136e+01   5.012304e+02   1.632613e+03   6.569686e-01
   1.232613e+01   4.953429e+02   1.643119e+03   6.563864e-01
   1.235096e+01   4.888176e+02   1.652747e+03   6.555723e-01
   1.237583e+01   4.815499e+02   1.661339e+03   6.545914e-01
   1.240075e+01   4.738442e+02   1.668852e+03   6.535358e-01
   1.242573e+01   4.660772e+02   1.675305e+03   6.524700e-01
   1.245075e+01   4.584754e+02   1.680744e+03   6.514183e-01
   1.247583e+01   4.510367e+02   1.685196e+03   6.503675e-01
   1.250095e+01   4.435433e+02   1.688700e+03   6.492907e-01
   1.252613e+01   4.358858e+02   1.691015e+03   6.481967e-01
   1.255136e+01   4.279112e+02   1.692152e+03   6.470931e-01
   1.257664e+01   4.197657e+02   1.692006e+03   6.460255e-01
   1.260196e+01   4.117284e+02   1.690641e+03   6.450376e-01
   1.262734e+01   4.040678e+02   1.688262e+03   6.441503e-01
   1.265278e+01   3.970591e+02   1.685039e+03   6.433760e-01
   1.267826e+01   3.907983e+02   1.681184e+03   6.426944e-01
   1.270379e+01   3.852612e+02   1.676795e+03   6.420770e-01
   1.272938e+01   3.802927e+02   1.671875e+03   6.414911e-01
   1.275501e+01   3.756745e+02   1.666299e+03   6.409111e-01
   1.278070e+01   3.711289e+02   1.659939e+03   6.403162e-01
   1.280644e+01   3.664669e+02   1.652572e+03   6.397067e-01
   1.283223e+01   3.615245e+02   1.644057e+03   6.390820e-01
   1.285807e+01   3.562160e+02   1.634240e+03   6.384488e-01
   1.288397e+01   3.505169e+02   1.623028e+03   6.378141e-01
   1.290992e+01   3.444314e+02   1.610377e+03   6.371834e-01
   1.293592e+01   3.380183e+02   1.596291e+03   6.365651e-01
   1.296197e+01   3.313523e+02   1.580818e+03   6.359654e-01
   1.298808e+01   3.245327e+02   1.564066e+03   6.353922e-01
   1.301423e+01   3.176355e+02   1.546238e+03   6.348460e-01
   1.304044e+01   3.107637e+02   1.527496e+03   6.343323e-01
   1.306671e+01   3.040287e+02   1.508037e+03   6.338567e-01
   1.309302e+01   2.974855e+02   1.488056e+03   6.334199e-01
   1.311939e+01   2.912084e+02   1.467756e+03   6.330244e-01
   1.314581e+01   2.852441e+02   1.447285e+03   6.326729e-01
   1.317229e+01   2.796160e+02   1.426809e+03   6.323648e-01
   1.319882e+01   2.743539e+02   1.406406e+03   6.321044e-01
   1.322540e+01   2.694456e+02   1.386202e+03   6.318894e-01
   1.325203e+01   2.649256e+02   1.366203e+03   6.317273e-01
   1.327872e+01   2.607640e+02   1.346471e+03   6.316162e-01
   1.330546e+01   2.569528e+02   1.327026e+03   6.315573e-01
   1.333226e+01   2.534828e+02   1.307852e+03   6.315530e-01
   1.335911e+01   2.503295e+02   1.288914e+03   6.316034e-01
   1.338602e+01   2.474509e+02   1.270210e+03   6.317053e-01
   1.341297e+01   2.448463e+02   1.251676e+03   6.318605e-01
   1.343999e+01   2.424834e+02   1.233272e+03   6.320674e-01
   1.346706e+01   2.403381e+02   1.214930e+03   6.323223e-01
   1.349418e+01   2.383836e+02   1.196603e+03   6.326229e-01
   1.352135e+01   2.366024e+02   1.178222e+03   6.329661e-01
   1.354859e+01   2.349460e+02   1.159751e+03   6.333447e-01
   1.357587e+01   2.334097e+02   1.141147e+03   6.337545e-01
   1.360321e+01   2.319852e+02   1.122327e+03   6.341939e-01
   1.363061e+01   2.306272e+02   1.103291e+03   6.346540e-01
   1.365806e+01   2.293204e+02   1.084022e+03   6.351285e-01
   1.368557e+01   2.280777e+02   1.064475e+03   6.356164e-01
   1.371313e+01   2.268536e+02   1.044684e+03   6.361083e-01
   1.374075e+01   2.256604e+02   1.024612e+03   6.366037e-01
   1.376842e+01   2.244857e+02   1.004317e+03   6.370967e-01
   1.379615e+01   2.233235e+02   9.838053e+02   6.375841e-01
   1.382393e+01   2.221797e+02   9.631031e+02   6.380649e-01
   1.385177e+01   2.210404e+02   9.422595e+02   6.385347e-01
   1.387967e+01   2.199233e+02   9.213249e+02   6.389930e-01
   1.390762e+01   2.188267e+02   9.003262e+02   6.394395e-01
   1.393563e+01   2.177361e+02   8.793414e+02   6.398702e-01
   1.396370e+01   2.166972e+02   8.583731e+02   6.402904e-01
   1.399182e+01   2.156805e+02   8.375064e+02   6.406960e-01
   1.402000e+01   2.146990e+02   8.167575e+02   6.410883e-01
   1.404824e+01   2.137684e+02   7.961706e+02   6.414702e-01
   1.407653e+01   2.128907e+02   7.757910e+02   6.418411e-01
   1.410488e+01   2.120773e+02   7.556469e+02   6.422031e-01
   1.413328e+01   2.113140e+02   7.357860e+02   6.425556e-01
   1.416175e+01   2.106250e+02   7.162062e+02   6.429022e-01
   1.419027e+01   2.100013e+02   6.969585e+02   6.432428e-01
   1.421885e+01   2.094528e+02   6.780420e+02   6.435801e-01
   1.424748e+01   2.090017e+02   6.594634e+02   6.439182e-01
   1.427618e+01   2.086209e+02   6.412623e+02   6.442545e-01
   1.430493e+01   2.083154e+02   6.234416e+02   6.445915e-01
   1.433374e+01   2.081212e+02   6.059921e+02   6.449343e-01
   1.436261e+01   2.080254e+02   5.889320e+02   6.452830e-01
   1.439153e+01   2.080021e+02   5.722727e+02   6.456359e-01
   1.442052e+01   2.081034e+02   5.559906e+02   6.460014e-01
   1.444956e+01   2.082886e+02   5.401015e+02   6.463753e-01
   1.447866e+01   2.086033e+02   5.246080e+02   6.467643e-01
   1.450782e+01   2.090161e+02   5.095062e+02   6.471655e-01
   1.453704e+01   2.095317e+02   4.947856e+02   6.475817e-01
   1.456631e+01   2.101736e+02   4.804515e+02   6.480156e-01
   1.459565e+01   2.109347e+02   4.664963e+02   6.484679e-01
   1.462504e+01   2.118100e+02   4.529290e+02   6.489376e-01
   1.465450e+01   2.128260e+02   4.397279e+02   6.494300e-01
   1.468401e+01   2.139551e+02   4.269017e+02   6.499416e-01
   1.471358e+01   2.152394e+02   4.144459e+02   6.504767e-01
   1.474322e+01   2.166544e+02   4.023655e+02   6.510329e-01
   1.477291e+01   2.182240e+02   3.906537e+02   6.516116e-01
   1.480266e+01   2.199443e+02   3.793171e+02   6.522124e-01
   1.483247e+01   2.218265e+02   3.683586e+02   6.528342e-01
   1.486234e+01   2.238702e+02   3.577833e+02   6.534755e-01
   1.489228e+01   2.260980e+02   3.475938e+02   6.541348e-01
   1.492227e+01   2.285058e+02   3.377965e+02   6.548091e-01
   1.495232e+01   2.311160e+02   3.284061e+02   6.554953e-01
   1.498243e+01   2.339282e+02   3.194289e+02   6.561867e-01
   1.501261e+01   2.369504e+02   3.108720e+02   6.568770e-01
   1.504284e+01   2.402057e+02   3.027558e+02   6.575576e-01
   1.507314e+01   2.437062e+02   2.951023e+02   6.582139e-01
   1.510350e+01   2.474478e+02   2.879150e+02   6.588316e-01
   1.513391e+01   2.514574e+02   2.812059e+02   6.593923e-01
   1.516439e+01   2.557493e+02   2.750134e+02   6.598667e-01
   1.519493e+01   2.603065e+02   2.693300e+02   6.602254e-01
   1.522553e+01   2.651565e+02   2.641864e+02   6.604279e-01
   1.525620e+01   2.703078e+02   2.595927e+02   6.604263e-01
   1.528692e+01   2.757158e+02   2.555419e+02   6.601685e-01
   1.531771e+01   2.814269e+02   2.520539e+02   6.595854e-01
   1.534856e+01   2.873693e+02   2.491006e+02   6.586120e-01
   1.537947e+01   2.935087e+02   2.466631e+02   6.571816e-01
   1.541044e+01   2.998161e+02   2.447217e+02   6.552239e-01
   1.544148e+01   3.062500e+02   2.432274e+02   6.526777e-01
   1.547258e+01   3.126761e+02   2.421034e+02   6.495256e-01
   1.550374e+01   3.190484e+02   2.412753e+02   6.457652e-01
   1.553496e+01   3.252708e+02   2.406524e+02   6.414336e-01
   1.556625e+01   3.312664e+02   2.401386e+02   6.366112e-01
   1.559760e+01   3.369361e+02   2.396466e+02   6.314087e-01
   1.562901e+01   3.422543e+02   2.390585e+02   6.259765e-01
   1.566049e+01   3.471556e+02   2.383233e+02   6.204625e-01
   1.569203e+01   3.516154e+02   2.374120e+02   6.150068e-01
   1.572363e+01   3.556722e+02   2.363144e+02   6.097500e-01
   1.575530e+01   3.593857e+02   2.350720e+02   6.048149e-01
   1.578703e+01   3.628542e+02   2.337731e+02   6.002889e-01
   1.581882e+01   3.661914e+02   2.325552e+02   5.962254e-01
   1.585068e+01   3.695626e+02   2.315402e+02   5.926910e-01
   1.588260e+01   3.731331e+02   2.308764e+02   5.897113e-01
   1.591459e+01   3.770167e+02   2.307217e+02   5.872522e-01
   1.594664e+01   3.813258e+02   2.311867e+02   5.852888e-01
   1.597876e+01   3.861609e+02   2.323400e+02   5.837888e-01
   1.601094e+01   3.915319e+02   2.342173e+02   5.826663e-01
   1.604318e+01   3.974010e+02   2.368227e+02   5.818220e-01
   1.607549e+01   4.037172e+02   2.401217e+02   5.811631e-01
   1.610787e+01   4.103858e+02   2.440487e+02   5.805891e-01
   1.614031e+01   4.172710e+02   2.485153e+02   5.799986e-01
   1.617281e+01   4.242158e+02   2.534159e+02   5.792979e-01
   1.620539e+01   4.310827e+02   2.586394e+02   5.784254e-01
   1.623802e+01   4.377375e+02   2.640557e+02   5.773400e-01
   1.627073e+01   4.440565e+02   2.695323e+02   5.760245e-01
   1.630349e+01   4.499169e+02   2.749525e+02   5.744822e-01
   1.633633e+01   4.552416e+02   2.802073e+02   5.727395e-01
   1.636923e+01   4.600086e+02   2.851416e+02   5.708551e-01
   1.640220e+01   4.641783e+02   2.896498e+02   5.688842e-01
   1.643523e+01   4.677590e+02   2.936806e+02   5.668813e-01
   1.646833e+01   4.707713e+02   2.971827e+02   5.649096e-01
   1.650150e+01   4.732851e+02   3.000829e+02   5.630458e-01
   1.653473e+01   4.753853e+02   3.022857e+02   5.613842e-01
   1.656803e+01   4.771703e+02   3.038562e+02   5.599821e-01
   1.660140e+01   4.787504e+02   3.048830e+02   5.588912e-01
   1.663483e+01   4.802451e+02   3.054096e+02   5.581779e-01
   1.666833e+01   4.817846e+02   3.054628e+02   5.579138e-01
   1.670190e+01   4.835044e+02   3.051082e+02   5.581509e-01
   1.673554e+01   4.854717e+02   3.045060e+02   5.588859e-01
   1.676924e+01   4.877394e+02   3.038156e+02   5.600938e-01
   1.680302e+01   4.903546e+02   3.030627e+02   5.617748e-01
   1.683686e+01   4.933475e+02   3.023048e+02   5.638969e-01
   1.687076e+01   4.966898e+02   3.015776e+02   5.664107e-01
   1.690474e+01   5.003576e+02   3.008817e+02   5.692690e-01
   1.693879e+01   5.042706e+02   3.002700e+02   5.723930e-01
   1.697290e+01   5.083822e+02   2.996696e+02   5.757448e-01
   1.700708e+01   5.126183e+02   2.990073e+02   5.792718e-01
   1.704133e+01   5.169254e+02   2.982071e+02   5.829223e-01
   1.707566e+01   5.212424e+02   2.972010e+02   5.866424e-01
   1.711004e+01   5.255055e+02   2.959869e+02   5.903661e-01
   1.714450e+01   5.296651e+02   2.945209e+02   5.940433e-01
   1.717903e+01   5.337213e+02   2.927876e+02   5.976108e-01
   1.721363e+01   5.377521e+02   2.907756e+02   6.010140e-01
   1.724830e+01   5.417533e+02   2.885528e+02   6.041943e-01
   1.728303e+01   5.457738e+02   2.861821e+02   6.071038e-01
   1.731784e+01   5.498819e+02   2.837532e+02   6.096955e-01
   1.735272e+01   5.541537e+02   2.813539e+02   6.119296e-01
   1.738767e+01   5.586786e+02   2.790902e+02   6.137649e-01
   1.742268e+01   5.636201e+02   2.770849e+02   6.151530e-01
   1.745777e+01   5.690547e+02   2.754349e+02   6.160440e-01
   1.749293e+01   5.749756e+02   2.742118e+02   6.163843e-01
   1.752816e+01   5.814256e+02   2.734822e+02   6.161139e-01
   1.756346e+01   5.883669e+02   2.732750e+02   6.151808e-01
   1.759883e+01   5.957656e+02   2.736072e+02   6.135445e-01
   1.763428e+01   6.035766e+02   2.744635e+02   6.111895e-01
   1.766979e+01   6.116397e+02   2.757846e+02   6.081414e-01
   1.770538e+01   6.199248e+02   2.774984e+02   6.044574e-01
   1.774104e+01   6.282044e+02   2.794955e+02   6.002412e-01
   1.777677e+01   6.363091e+02   2.816636e+02   5.956198e-01
   1.781257e+01   6.441017e+02   2.838956e+02   5.907356e-01
   1.784844e+01   6.514477e+02   2.861012e+02   5.857340e-01
   1.788439e+01   6.582433e+02   2.882112e+02   5.807589e-01
   1.792041e+01   6.644144e+02   2.902182e+02   5.759311e-01
   1.795650e+01   6.700126e+02   2.921543e+02   5.713830e-01
   1.799266e+01   6.750051e+02   2.941550e+02   5.671703e-01
   1.802890e+01   6.795497e+02   2.963915e+02   5.633710e-01
   1.806521e+01   6.837915e+02   2.990848e+02   5.600230e-01
   1.810159e+01   6.879518e+02   3.024866e+02   5.571497e-01
   1.813804e+01   6.922580e+02   3.068279e+02   5.547622e-01
   1.817457e+01   6.969342e+02   3.122976e+02   5.528623e-01
   1.821118e+01   7.021707e+02   3.190058e+02   5.514524e-01
   1.824785e+01   7.080550e+02   3.269321e+02   5.505328e-01
   1.828460e+01   7.146149e+02   3.359384e+02   5.501198e-01
   1.832143e+01   7.217399e+02   3.457891e+02   5.501886e-01
   1.835833e+01   7.292965e+02   3.562132e+02   5.506949e-01
   1.839530e+01   7.371690e+02   3.670346e+02   5.515260e-01
   1.843235e+01   7.453478e+02   3.782393e+02   5.525318e-01
   1.846947e+01   7.539400e+02   3.899875e+02   5.535377e-01
   1.850666e+01   7.631381e+02   4.025435e+02   5.543784e-01
   1.854394e+01   7.731333e+02   4.161813e+02   5.549256e-01
   1.858128e+01   7.840359e+02   4.310602e+02   5.551049e-01
   1.861870e+01   7.957975e+02   4.471620e+02   5.549013e-01
   1.865620e+01   8.083712e+02   4.643838e+02   5.543407e-01
   1.869377e+01   8.214736e+02   4.824651e+02   5.534935e-01
   1.873142e+01   8.349211e+02   5.011451e+02   5.524401e-01
   1.876915e+01   8.484942e+02   5.201427e+02   5.512660e-01
   1.880695e+01   8.619619e+02   5.392060e+02   5.500446e-01
   1.884482e+01   8.751664e+02   5.581179e+02   5.488375e-01
   1.888278e+01   8.879699e+02   5.766935e+02   5.476883e-01
   1.892080e+01   9.002701e+02   5.947815e+02   5.466245e-01
   1.895891e+01   9.119944e+02   6.122603e+02   5.456594e-01
   1.899709e+01   9.231079e+02   6.290310e+02   5.447965e-01
   1.903535e+01   9.335945e+02   6.450184e+02   5.440315e-01
   1.907369e+01   9.434615e+02   6.601702e+02   5.433557e-01
   1.911210e+01   9.527231e+02   6.744408e+02   5.427578e-01
   1.915059e+01   9.613963e+02   6.877870e+02   5.422252e-01
   1.918916e+01   9.694801e+02   7.001948e+02   5.417402e-01
   1.922781e+01   9.769653e+02   7.116070e+02   5.412866e-01
   1.926653e+01   9.838242e+02   7.219325e+02   5.408470e-01
   1.930533e+01   9.899845e+02   7.312129e+02   5.403887e-01
   1.934421e+01   9.953646e+02   7.394268e+02   5.398830e-01
   1.938317e+01   9.998828e+02   7.465241e+02   5.393030e-01
   1.942221e+01   1.003482e+03   7.524451e+02   5.386228e-01
   1.946132e+01   1.006115e+03   7.572672e+02   5.378139e-01
   1.950052e+01   1.007783e+03   7.610632e+02   5.368556e-01
   1.953979e+01   1.008543e+03   7.639421e+02   5.357340e-01
   1.957914e+01   1.008495e+03   7.660522e+02   5.344437e-01
   1.961857e+01   1.007782e+03   7.675671e+02   5.329887e-01
   1.965808e+01   1.006567e+03   7.686602e+02   5.313834e-01
   1.969768e+01   1.005013e+03   7.694837e+02   5.296528e-01
   1.973735e+01   1.003270e+03   7.701452e+02   5.278318e-01
   1.977710e+01   1.001450e+03   7.706926e+02   5.259615e-01
   1.981693e+01   9.996245e+02   7.710978e+02   5.240877e-01
   1.985684e+01   9.978127e+02   7.712550e+02   5.222574e-01
   1.989683e+01   9.959907e+02   7.709987e+02   5.205161e-01
   1.993690e+01   9.941002e+02   7.701088e+02   5.189056e-01
   1.997705e+01   9.920659e+02   7.683513e+02   5.174632e-01
   2.001728e+01   9.898108e+02   7.654995e+02   5.162203e-01
   2.005760e+01   9.872685e+02   7.613718e+02   5.152004e-01
   2.009799e+01   9.843913e+02   7.558557e+02   5.144167e-01
   2.013847e+01   9.811469e+02   7.489204e+02   5.138696e-01
   2.017903e+01   9.775167e+02   7.406319e+02   5.135420e-01
   2.021967e+01   9.734926e+02   7.311470e+02   5.133984e-01
   2.026039e+01   9.690765e+02   7.207053e+02   5.133849e-01
   2.030119e+01   9.642794e+02   7.095955e+02   5.134365e-01
   2.034208e+01   9.591328e+02   6.980621e+02   5.135013e-01
   2.038304e+01   9.537196e+02   6.861348e+02   5.135919e-01
   2.042409e+01   9.482334e+02   6.734725e+02   5.138459e-01
   2.046523e+01   9.429812e+02   6.594816e+02   5.145044e-01
   2.050644e+01   9.382236e+02   6.437678e+02   5.157540e-01
   2.054774e+01   9.339953e+02   6.265043e+02   5.175699e-01
   2.058912e+01   9.301479e+02   6.083234e+02   5.197543e-01
   2.063059e+01   9.265332e+02   5.898933e+02   5.221041e-01
   2.067214e+01   9.230814e+02   5.716736e+02   5.244975e-01
   2.071377e+01   9.197867e+02   5.539275e+02   5.268801e-01
   2.075549e+01   9.166694e+02   5.368069e+02   5.292269e-01
   2.079729e+01   9.137672e+02   5.204430e+02   5.315138e-01
   2.083917e+01   9.111293e+02   5.049919e+02   5.337047e-01
   2.088114e+01   9.087783e+02   4.906090e+02   5.357548e-01
   2.092320e+01   9.067840e+02   4.775322e+02   5.375986e-01
   2.096534e+01   9.051848e+02   4.660009e+02   5.391681e-01
   2.100756e+01   9.038951e+02   4.560701e+02   5.404275e-01
   2.104987e+01   9.029189e+02   4.479084e+02   5.413307e-01
   2.109226e+01   9.021823e+02   4.415083e+02   5.418754e-01
   2.113474e+01   9.015177e+02   4.365537e+02   5.421180e-01
   2.117730e+01   9.008505e+02   4.327639e+02   5.421282e-01
   2.121995e+01   9.001012e+02   4.296974e+02   5.420075e-01
   2.126269e+01   8.992374e+02   4.269244e+02   5.418581e-01
   2.130551e+01   8.982772e+02   4.240984e+02   5.417642e-01
   2.134842e+01   8.972633e+02   4.209838e+02   5.417801e-01
   2.139141e+01   8.962534e+02   4.174707e+02   5.419234e-01
   2.143450e+01   8.953212e+02   4.135747e+02   5.421763e-01
   2.147766e+01   8.945608e+02   4.094178e+02   5.424907e-01
   2.152092e+01   8.940712e+02   4.051868e+02   5.427942e-01
   2.156426e+01   8.939447e+02   4.011057e+02   5.429979e-01
   2.160769e+01   8.942649e+02   3.974197e+02   5.430044e-01
   2.165121e+01   8.950736e+02   3.943419e+02   5.427215e-01
   2.169481e+01   8.964188e+02   3.920534e+02   5.420717e-01
   2.173850e+01   8.982515e+02   3.906824e+02   5.410134e-01
   2.178228e+01   9.006502e+02   3.903284e+02   5.395274e-01
   2.182615e+01   9.034710e+02   3.909913e+02   5.376524e-01
   2.187011e+01   9.067139e+02   3.926693e+02   5.354477e-01
   2.191415e+01   9.103116e+02   3.953064e+02   5.330024e-01
   2.195829e+01   9.142348e+02   3.988576e+02   5.304181e-01
   2.200251e+01   9.184510e+02   4.032613e+02   5.277992e-01
   2.204682e+01   9.229442e+02   4.084718e+02   5.252415e-01
   2.209123e+01   9.277077e+02   4.144567e+02   5.228234e-01
   2.213572e+01   9.327362e+02   4.211927e+02   5.206003e-01
   2.218030e+01   9.380367e+02   4.286782e+02   5.186029e-01
   2.222497e+01   9.436167e+02   4.368976e+02   5.168405e-01
   2.226973e+01   9.494512e+02   4.458734e+02   5.152978e-01
   2.231458e+01   9.555651e+02   4.555492e+02   5.139586e-01
   2.235952e+01   9.618807e+02   4.659939e+02   5.127759e-01
   2.240455e+01   9.683450e+02   4.772165e+02   5.117070e-01
   2.244967e+01   9.749157e+02   4.892458e+02   5.107074e-01
   2.249488e+01   9.815269e+02   5.020979e+02   5.097312e-01
   2.254019e+01   9.881284e+02   5.158267e+02   5.087315e-01
   2.258558e+01   9.946499e+02   5.304702e+02   5.076608e-01
   2.263107e+01   1.001040e+03   5.461085e+02   5.064705e-01
   2.267664e+01   1.007253e+03   5.628092e+02   5.051129e-01
   2.272231e+01   1.013230e+03   5.806673e+02   5.035412e-01
   2.276808e+01   1.018912e+03   5.997504e+02   5.017171e-01
   2.281393e+01   1.024229e+03   6.201039e+02   4.996136e-01
   2.285988e+01   1.029117e+03   6.417381e+02   4.972167e-01
   2.290591e+01   1.033518e+03   6.646236e+02   4.945251e-01
   2.295205e+01   1.037383e+03   6.887328e+02   4.915474e-01
   2.299827e+01   1.040666e+03   7.139892e+02   4.883037e-01
   2.304459e+01   1.043341e+03   7.403111e+02   4.848202e-01
   2.309100e+01   1.045411e+03   7.676178e+02   4.811269e-01
   2.313750e+01   1.046856e+03   7.957706e+02   4.772584e-01
   2.318410e+01   1.047621e+03   8.245840e+02   4.732518e-01
   2.323079e+01   1.047691e+03   8.539053e+02   4.691372e-01
   2.327758e+01   1.047055e+03   8.835828e+02   4.649395e-01
   2.332446e+01   1.045708e+03   9.134777e+02   4.606760e-01
   2.337143e+01   1.043636e+03   9.434437e+02   4.563571e-01
   2.341850e+01   1.040831e+03   9.733258e+02   4.519842e-01
   2.346567e+01   1.037290e+03   1.002937e+03   4.475459e-01
   2.351292e+01   1.032927e+03   1.032073e+03   4.430426e-01
   2.356028e+01   1.027702e+03   1.060555e+03   4.384658e-01
   2.360773e+01   1.021587e+03   1.088193e+03   4.338071e-01
   2.365527e+01   1.014567e+03   1.114807e+03   4.290583e-01
   2.370291e+01   1.006641e+03   1.140222e+03   4.242149e-01
   2.375065e+01   9.978465e+02   1.164189e+03   4.192709e-01
   2.379848e+01   9.882435e+02   1.186435e+03   4.142257e-01
   2.384641e+01   9.778932e+02   1.206924e+03   4.090977e-01
   2.389444e+01   9.668931e+02   1.225554e+03   4.038997e-01
   2.394256e+01   9.553555e+02   1.242240e+03   3.986462e-01
   2.399078e+01   9.433995e+02   1.256930e+03   3.933531e-01
   2.403909e+01   9.311592e+02   1.269552e+03   3.880373e-01
   2.408751e+01   9.188716e+02   1.279676e+03   3.827173e-01
   2.413602e+01   9.066376e+02   1.287556e+03   3.774216e-01
   2.418463e+01   8.945733e+02   1.293310e+03   3.721713e-01
   2.423333e+01   8.828058e+02   1.297002e+03   3.669869e-01
   2.428214e+01   8.714532e+02   1.298724e+03   3.618883e-01
   2.433104e+01   8.606565e+02   1.298520e+03   3.568983e-01
   2.438004e+01   8.508830e+02   1.295743e+03   3.520798e-01
   2.442914e+01   8.420302e+02   1.291166e+03   3.474406e-01
   2.447834e+01   8.341555e+02   1.285070e+03   3.430000e-01
   2.452764e+01   8.273396e+02   1.277662e+03   3.387799e-01
   2.457704e+01   8.216495e+02   1.269136e+03   3.348009e-01
   2.462654e+01   8.173872e+02   1.259286e+03   3.311197e-01
   2.467613e+01   8.147997e+02   1.248056e+03   3.277933e-01
   2.472583e+01   8.134389e+02   1.236363e+03   3.247671e-01
   2.477563e+01   8.132399e+02   1.224382e+03   3.220398e-01
   2.482552e+01   8.141235e+02   1.212245e+03   3.196066e-01
   2.487552e+01   8.161028e+02   1.199935e+03   3.174816e-01
   2.492562e+01   8.191464e+02   1.187542e+03   3.156815e-01
   2.497582e+01   8.227847e+02   1.175619e+03   3.141289e-01
   2.502612e+01   8.267158e+02   1.164476e+03   3.127659e-01
   2.507652e+01   8.307362e+02   1.154352e+03   3.115511e-01
   2.512702e+01   8.346643e+02   1.145547e+03   3.104493e-01
   2.517763e+01   8.383695e+02   1.138514e+03   3.094573e-01
   2.522833e+01   8.416798e+02   1.133488e+03   3.085168e-01
   2.527914e+01   8.445991e+02   1.130422e+03   3.076012e-01
   2.533005e+01   8.472269e+02   1.129197e+03   3.067171e-01
   2.538107e+01   8.497501e+02   1.129590e+03   3.058956e-01
   2.543218e+01   8.527863e+02   1.130885e+03   3.053002e-01
   2.548340e+01   8.561923e+02   1.132622e+03   3.048456e-01
   2.553472e+01   8.600225e+02   1.134470e+03   3.045343e-01
   2.558615e+01   8.643583e+02   1.136077e+03   3.043827e-01
   2.563768e+01   8.693098e+02   1.136933e+03   3.044249e-01
   2.568931e+01   8.749725e+02   1.136348e+03   3.046971e-01
   2.574105e+01   8.809984e+02   1.134739e+03   3.051100e-01
   2.579289e+01   8.872986e+02   1.131982e+03   3.056699e-01
   2.584484e+01   8.937587e+02   1.127978e+03   3.063852e-01
   2.589689e+01   9.004211e+02   1.122210e+03   3.073128e-01
   2.594904e+01   9.070606e+02   1.114969e+03   3.084279e-01
   2.600130e+01   9.135095e+02   1.106485e+03   3.097226e-01
   2.605367e+01   9.197149e+02   1.096746e+03   3.112144e-01
   2.610614e+01   9.256591e+02   1.085664e+03   3.129156e-01
   2.615871e+01   9.312708e+02   1.073238e+03   3.147926e-01
   2.621140e+01   9.363993e+02   1.059906e+03   3.168048e-01
   2.626419e+01   9.409967e+02   1.045777e+03   3.189195e-01
   2.631708e+01   9.450001e+02   1.030991e+03   3.210792e-01
   2.637008e+01   9.482565e+02   1.015840e+03   3.231361e-01
   2.642319e+01   9.507268e+02   1.000639e+03   3.250419e-01
   2.647640e+01   9.524024e+02   9.855601e+02   3.267444e-01
   2.652973e+01   9.532646e+02   9.707789e+02   3.281714e-01
   2.658316e+01   9.531770e+02   9.567578e+02   3.291171e-01
   2.663669e+01   9.522392e+02   9.435320e+02   3.295985e-01
   2.669034e+01   9.505575e+02   9.310661e+02   3.296360e-01
   2.674409e+01   9.482072e+02   9.194076e+02   3.292128e-01
   2.679795e+01   9.452315e+02   9.088975e+02   3.282179e-01
   2.685192e+01   9.418559e+02   8.993828e+02   3.267597e-01
   2.690600e+01   9.382694e+02   8.907044e+02   3.249451e-01
   2.696019e+01   9.346103e+02   8.828847e+02   3.228212e-01
   2.701449e+01   9.311064e+02   8.761772e+02   3.204047e-01
   2.706889e+01   9.279424e+02   8.704333e+02   3.178362e-01
   2.712341e+01   9.251764e+02   8.655742e+02   3.151956e-01
   2.717803e+01   9.228677e+02   8.616713e+02   3.125220e-01
   2.723277e+01   9.212923e+02   8.589390e+02   3.098977e-01
   2.728761e+01   9.203691e+02   8.572708e+02   3.073671e-01
   2.734257e+01   9.199703e+02   8.566554e+02   3.049209e-01
   2.739764e+01   9.200785e+02   8.571572e+02   3.025645e-01
   2.745281e+01   9.209391e+02   8.589366e+02   3.003868e-01
   2.750810e+01   9.221775e+02   8.618368e+02   2.982993e-01
   2.756350e+01   9.236624e+02   8.658430e+02   2.962663e-01
   2.761901e+01   9.254093e+02   8.709808e+02   2.943021e-01
   2.767464e+01   9.274693e+02   8.772371e+02   2.924468e-01
   2.773037e+01   9.294825e+02   8.844538e+02   2.905870e-01
   2.778622e+01   9.313904e+02   8.925696e+02   2.887126e-01
   2.784218e+01   9.332790e+02   9.015051e+02   2.868847e-01
   2.789825e+01   9.349903e+02   9.111080e+02   2.850681e-01
   2.795444e+01   9.363997e+02   9.212687e+02   2.832234e-01
   2.801074e+01   9.375017e+02   9.318763e+02   2.813668e-01
   2.806715e+01   9.383739e+02   9.426748e+02   2.795845e-01
   2.812368e+01   9.388670e+02   9.536222e+02   2.778006e-01
   2.818032e+01   9.389978e+02   9.646099e+02   2.760312e-01
   2.823707e+01   9.388128e+02   9.753964e+02   2.743306e-01
   2.829394e+01   9.383000e+02   9.858307e+02   2.727013e-01
   2.835092e+01   9.374645e+02   9.959319e+02   2.711198e-01
   2.840802e+01   9.363489e+02   1.005589e+03   2.696037e-01
   2.846523e+01   9.349777e+02   1.014409e+03   2.681999e-01
   2.852256e+01   9.333767e+02   1.022597e+03   2.668602e-01
   2.858000e+01   9.315863e+02   1.030117e+03   2.655870e-01
   2.863756e+01   9.296245e+02   1.036631e+03   2.644036e-01
   2.869523e+01   9.275175e+02   1.042197e+03   2.632877e-01
   2.875302e+01   9.252898e+02   1.046963e+03   2.622200e-01
   2.881093e+01   9.229437e+02   1.050772e+03   2.612020e-01
   2.886896e+01   9.205015e+02   1.053382e+03   2.602350e-01
   2.892710e+01   9.179641e+02   1.055180e+03   2.592887e-01
   2.898535e+01   9.153153e+02   1.056155e+03   2.583557e-01
   2.904373e+01   9.126133e+02   1.055894e+03   2.574533e-01
   2.910222e+01   9.098309e+02   1.054867e+03   2.565527e-01
   2.916083e+01   9.069341e+02   1.053206e+03   2.556415e-01
   2.921956e+01   9.040521e+02   1.050478e+03   2.547506e-01
   2.927841e+01   9.011509e+02   1.047070e+03   2.538580e-01
   2.933737e+01   8.981673e+02   1.043225e+03   2.529444e-01
   2.939646e+01   8.952624e+02   1.038651e+03   2.520404e-01
   2.945566e+01   8.924669e+02   1.033500e+03   2.511417e-01
   2.951498e+01   8.896431e+02   1.028132e+03   2.502132e-01
   2.957442e+01   8.869504e+02   1.022362e+03   2.492798e-01
   2.963399e+01   8.845085e+02   1.016161e+03   2.483550e-01
   2.969367e+01   8.820894e+02   1.009943e+03   2.473881e-01
   2.975347e+01   8.798324e+02   1.003585e+03   2.463983e-01
   2.981339e+01   8.779297e+02   9.969524e+02   2.454118e-01
   2.987343e+01   8.760906e+02   9.904457e+02   2.443734e-01
   2.993360e+01   8.744320e+02   9.839687e+02   2.433013e-01
   2.999388e+01   8.731658e+02   9.773322e+02   2.422252e-01
   3.005429e+01   8.719930e+02   9.708919e+02   2.410991e-01
   3.011482e+01   8.710109e+02   9.645542e+02   2.399436e-01
   3.017547e+01   8.703978e+02   9.581111e+02   2.387864e-01
   3.023624e+01   8.698900e+02   9.518579e+02   2.375984e-01
   3.029713e+01   8.695607e+02   9.456901e+02   2.364027e-01
   3.035815e+01   8.695262e+02   9.394065e+02   2.352210e-01
   3.041929e+01   8.695745e+02   9.332501e+02   2.340413e-01
   3.048055e+01   8.697525e+02   9.270998e+02   2.328858e-01
   3.054194e+01   8.701175e+02   9.207837e+02   2.317722e-01
   3.060345e+01   8.705137e+02   9.144993e+02   2.307010e-01
   3.066508e+01   8.709733e+02   9.081159e+02   2.296930e-01
   3.072684e+01   8.715240e+02   9.015087e+02   2.287625e-01
   3.078872e+01   8.720573e+02   8.948376e+02   2.279197e-01
   3.085073e+01   8.726252e+02   8.879600e+02   2.271835e-01
   3.091286e+01   8.732522e+02   8.808224e+02   2.265657e-01
   3.097512e+01   8.738585e+02   8.735469e+02   2.260776e-01
   3.103750e+01   8.745389e+02   8.659884e+02   2.257322e-01
   3.110001e+01   8.753006e+02   8.581663e+02   2.255386e-01
   3.116264e+01   8.760731e+02   8.501657e+02   2.255010e-01
   3.122540e+01   8.770114e+02   8.418470e+02   2.256241e-01
   3.128829e+01   8.780507e+02   8.333100e+02   2.259055e-01
   3.135130e+01   8.791210e+02   8.246085e+02   2.263389e-01
   3.141444e+01   8.804649e+02   8.156210e+02   2.269235e-01
   3.147771e+01   8.818902e+02   8.065093e+02   2.276460e-01
   3.154111e+01   8.834001e+02   7.972912e+02   2.284943e-01
   3.160463e+01   8.852489e+02   7.879338e+02   2.294706e-01
   3.166828e+01   8.871810e+02   7.785782e+02   2.305547e-01
   3.173206e+01   8.893396e+02   7.692373e+02   2.317450e-01
   3.179596e+01   8.918827e+02   7.599663e+02   2.330500e-01
   3.186000e+01   8.945747e+02   7.508487e+02   2.344531e-01
   3.192416e+01   8.977599e+02   7.419239e+02   2.359825e-01
   3.198846e+01   9.013606e+02   7.332663e+02   2.376419e-01
   3.205288e+01   9.052309e+02   7.249040e+02   2.394273e-01
   3.211743e+01   9.099384e+02   7.169333e+02   2.414123e-01
   3.218212e+01   9.150389e+02   7.093533e+02   2.435660e-01
   3.224693e+01   9.206812e+02   7.022019e+02   2.459185e-01
   3.231187e+01   9.272022e+02   6.955753e+02   2.485311e-01
   3.237695e+01   9.341231e+02   6.893911e+02   2.513554e-01
   3.244215e+01   9.418906e+02   6.837709e+02   2.544598e-01
   3.250749e+01   9.503140e+02   6.786879e+02   2.578266e-01
   3.257296e+01   9.591291e+02   6.740700e+02   2.614137e-01
   3.263856e+01   9.689267e+02   6.701172e+02   2.653055e-01
   3.270429e+01   9.790154e+02   6.666296e+02   2.693796e-01
   3.277016e+01   9.895883e+02   6.636946e+02   2.736366e-01
   3.283615e+01   1.000692e+03   6.613547e+02   2.780513e-01
   3.290228e+01   1.011805e+03   6.594682e+02   2.824943e-01
   3.296855e+01   1.023371e+03   6.582256e+02   2.869768e-01
   3.303495e+01   1.034823e+03   6.574789e+02   2.913447e-01
   3.310148e+01   1.046092e+03   6.572803e+02   2.955136e-01
   3.316814e+01   1.057298e+03   6.576900e+02   2.993959e-01
   3.323494e+01   1.067902e+03   6.586349e+02   3.028635e-01
   3.330187e+01   1.078120e+03   6.602295e+02   3.057988e-01
   3.336894e+01   1.087617e+03   6.624462e+02   3.080902e-01
   3.343615e+01   1.096267e+03   6.653489e+02   3.096877e-01
   3.350348e+01   1.104193e+03   6.689985e+02   3.103440e-01
   3.357096e+01   1.111072e+03   6.734205e+02   3.102013e-01
   3.363857e+01   1.117074e+03   6.787247e+02   3.089837e-01
   3.370632e+01   1.122091e+03   6.849670e+02   3.067610e-01
   3.377420e+01   1.126100e+03   6.921419e+02   3.036780e-01
   3.384222e+01   1.129293e+03   7.005924e+02   2.992708e-01
   3.391038e+01   1.131491e+03   7.100064e+02   2.942337e-01
   3.397867e+01   1.132910e+03   7.208920e+02   2.880103e-01
   3.404710e+01   1.133447e+03   7.330144e+02   2.811171e-01
   3.411567e+01   1.133094e+03   7.462680e+02   2.736554e-01
   3.418438e+01   1.131914e+03   7.612017e+02   2.654355e-01
   3.425322e+01   1.129753e+03   7.767563e+02   2.571353e-01
   3.432221e+01   1.126714e+03   7.938188e+02   2.484181e-01
   3.439133e+01   1.122761e+03   8.111837e+02   2.398877e-01
   3.446059e+01   1.117999e+03   8.290957e+02   2.314001e-01
   3.452999e+01   1.112645e+03   8.468869e+02   2.235277e-01
   3.459954e+01   1.106676e+03   8.648333e+02   2.156481e-01
   3.466922e+01   1.100638e+03   8.817936e+02   2.091788e-01
   3.473904e+01   1.094226e+03   8.987174e+02   2.027846e-01
   3.480900e+01   1.087903e+03   9.145780e+02   1.976246e-01
   3.487911e+01   1.081556e+03   9.297006e+02   1.931178e-01
   3.494935e+01   1.075247e+03   9.442553e+02   1.893256e-01
   3.501974e+01   1.069381e+03   9.569441e+02   1.867525e-01
   3.509027e+01   1.063491e+03   9.696743e+02   1.844535e-01
   3.516094e+01   1.058471e+03   9.796407e+02   1.835134e-01
   3.523175e+01   1.053597e+03   9.894350e+02   1.828035e-01
   3.530270e+01   1.049396e+03   9.974219e+02   1.828238e-01
   3.537380e+01   1.045651e+03   1.004397e+03   1.831811e-01
   3.544504e+01   1.042279e+03   1.010539e+03   1.838299e-01
   3.551643e+01   1.039566e+03   1.015152e+03   1.847201e-01
   3.558796e+01   1.036939e+03   1.019722e+03   1.856486e-01
   3.565963e+01   1.035064e+03   1.022691e+03   1.866478e-01
   3.573145e+01   1.033213e+03   1.025831e+03   1.875724e-01
   3.580341e+01   1.031861e+03   1.028171e+03   1.884220e-01
   3.587551e+01   1.030682e+03   1.030493e+03   1.891520e-01
   3.594776e+01   1.029741e+03   1.032697e+03   1.897551e-01
   3.602016e+01   1.029138e+03   1.034753e+03   1.902370e-01
   3.609270e+01   1.028539e+03   1.037181e+03   1.905885e-01
   3.616539e+01   1.028431e+03   1.039378e+03   1.908691e-01
   3.623823e+01   1.028197e+03   1.042197e+03   1.910374e-01
   3.631121e+01   1.028439e+03   1.044890e+03   1.912153e-01
   3.638434e+01   1.028614e+03   1.048173e+03   1.913384e-01
   3.645762e+01   1.029095e+03   1.051592e+03   1.915220e-01
   3.653104e+01   1.029667e+03   1.055431e+03   1.917522e-01
   3.660461e+01   1.030409e+03   1.059609e+03   1.920704e-01
   3.667833e+01   1.031402e+03   1.064011e+03   1.925650e-01
   3.675220e+01   1.032464e+03   1.068932e+03   1.931515e-01
   3.682622e+01   1.033925e+03   1.073836e+03   1.940573e-01
   3.690038e+01   1.035378e+03   1.079427e+03   1.950391e-01
   3.697470e+01   1.037331e+03   1.084721e+03   1.964808e-01
   3.704917e+01   1.039289e+03   1.090673e+03   1.980404e-01
   3.712378e+01   1.041617e+03   1.096400e+03   2.000421e-01
   3.719855e+01   1.044009e+03   1.102534e+03   2.022642e-01
   3.727346e+01   1.046615e+03   1.108523e+03   2.048901e-01
   3.734853e+01   1.049267e+03   1.114618e+03   2.078248e-01
   3.742375e+01   1.051946e+03   1.120648e+03   2.111143e-01
   3.749912e+01   1.054576e+03   1.126447e+03   2.147771e-01
   3.757464e+01   1.057019e+03   1.132261e+03   2.187421e-01
   3.765031e+01   1.059251e+03   1.137480e+03   2.231125e-01
   3.772614e+01   1.061055e+03   1.142782e+03   2.277316e-01
   3.780212e+01   1.062445e+03   1.147116e+03   2.327585e-01
   3.787825e+01   1.063148e+03   1.151559e+03   2.379872e-01
   3.795453e+01   1.063220e+03   1.154719e+03   2.435891e-01
   3.803097e+01   1.062362e+03   1.157849e+03   2.493629e-01
   3.810756e+01   1.060648e+03   1.159675e+03   2.554211e-01
   3.818431e+01   1.057812e+03   1.161185e+03   2.616259e-01
   3.826121e+01   1.053940e+03   1.161434e+03   2.680219e-01
   3.833827e+01   1.048824e+03   1.161102e+03   2.745204e-01
   3.841548e+01   1.042570e+03   1.159599e+03   2.811203e-01
   3.849285e+01   1.035052e+03   1.157314e+03   2.877631e-01
   3.857037e+01   1.026382e+03   1.153957e+03   2.944263e-01
   3.864805e+01   1.016546e+03   1.149713e+03   3.010646e-01
   3.872588e+01   1.005638e+03   1.144538e+03   3.076523e-01
   3.880388e+01   9.937756e+02   1.138456e+03   3.141472e-01
   3.888203e+01   9.809981e+02   1.131611e+03   3.205323e-01
   3.896033e+01   9.675604e+02   1.123915e+03   3.267667e-01
   3.903880e+01   9.534175e+02   1.115643e+03   3.328491e-01
   3.911742e+01   9.389453e+02   1.106635e+03   3.387380e-01
   3.919620e+01   9.239994e+02   1.097236e+03   3.444491e-01
   3.927514e+01   9.090542e+02   1.087243e+03   3.499378e-01
   3.935424e+01   8.938614e+02   1.077036e+03   3.552375e-01
   3.943349e+01   8.789572e+02   1.066392e+03   3.603053e-01
   3.951291e+01   8.640004e+02   1.055687e+03   3.651877e-01
   3.959249e+01   8.495602e+02   1.044681e+03   3.698417e-01
   3.967223e+01   8.352219e+02   1.033736e+03   3.743245e-01
   3.975212e+01   8.215512e+02   1.022612e+03   3.785967e-01
   3.983218e+01   8.080880e+02   1.011636e+03   3.827205e-01
   3.991240e+01   7.953769e+02   1.000576e+03   3.866561e-01
   3.999279e+01   7.829322e+02   9.897176e+02   3.904705e-01
   4.007333e+01   7.712597e+02   9.788235e+02   3.941243e-01
   4.015403e+01   7.598682e+02   9.681520e+02   3.976863e-01
   4.023490e+01   7.492005e+02   9.574708e+02   4.011179e-01
   4.031593e+01   7.387873e+02   9.470034e+02   4.044867e-01
   4.039713e+01   7.290185e+02   9.365338e+02   4.077515e-01
   4.047849e+01   7.194451e+02   9.262459e+02   4.109797e-01
   4.056001e+01   7.103918e+02   9.159319e+02   4.141294e-01
   4.064169e+01   7.014449e+02   9.057468e+02   4.172644e-01
   4.072354e+01   6.928764e+02   8.955020e+02   4.203384e-01
   4.080556e+01   6.843067e+02   8.853215e+02   4.234127e-01
   4.088774e+01   6.759555e+02   8.750466e+02   4.264382e-01
   4.097009e+01   6.674830e+02   8.647664e+02   4.294713e-01
   4.105260e+01   6.590731e+02   8.543457e+02   4.324621e-01
   4.113528e+01   6.504224e+02   8.438491e+02   4.354593e-01
   4.121812e+01   6.416822e+02   8.331814e+02   4.384114e-01
   4.130113e+01   6.325943e+02   8.223808e+02   4.413587e-01
   4.138431e+01   6.232937e+02   8.113834e+02   4.442519e-01
   4.146766e+01   6.135703e+02   8.002117e+02   4.471208e-01
   4.155117e+01   6.035351e+02   7.888336e+02   4.499197e-01
   4.163485e+01   5.930409e+02   7.772633e+02   4.526664e-01
   4.171870e+01   5.821843e+02   7.655022e+02   4.553246e-01
   4.180272e+01   5.708854e+02   7.535614e+02   4.578987e-01
   4.188691e+01   5.592180e+02   7.414594e+02   4.603606e-01
   4.197127e+01   5.471805e+02   7.292150e+02   4.627024e-01
   4.205580e+01   5.348034e+02   7.168580e+02   4.649120e-01
   4.214050e+01   5.221693e+02   7.044201e+02   4.669699e-01
   4.222536e+01   5.092575e+02   6.919235e+02   4.688769e-01
   4.231040e+01   4.962387e+02   6.794192e+02   4.706034e-01
   4.239562e+01   4.830185e+02   6.669179e+02   4.721657e-01
   4.248100e+01   4.698519e+02   6.544963e+02   4.735272e-01
   4.256655e+01   4.565609e+02   6.421309e+02   4.747173e-01
   4.265228e+01   4.434824e+02   6.299224e+02   4.756953e-01
   4.273818e+01   4.303513e+02   6.178157e+02   4.764999e-01
   4.282425e+01   4.175697e+02   6.059341e+02   4.770894e-01
   4.291050e+01   4.048199e+02   5.941970e+02   4.775057e-01
   4.299692e+01   3.924755e+02   5.827257e+02   4.777180e-01
   4.308351e+01   3.802704e+02   5.714431e+02   4.777586e-01
   4.317028e+01   3.684728e+02   5.604409e+02   4.776127e-01
   4.325722e+01   3.569166e+02   5.496665e+02   4.773005e-01
   4.334434e+01   3.457464e+02   5.391722e+02   4.768199e-01
   4.343163e+01   3.348964e+02   5.289347e+02   4.761829e-01
   4.351910e+01   3.243990e+02   5.189643e+02   4.753961e-01
   4.360675e+01   3.142815e+02   5.092693e+02   4.744665e-01
   4.369457e+01   3.044734e+02   4.998250e+02   4.734042e-01
   4.378257e+01   2.950879e+02   4.906707e+02   4.722147e-01
   4.387075e+01   2.859622e+02   4.817437e+02   4.709082e-01
   4.395910e+01   2.772859e+02   4.731130e+02   4.694916e-01
   4.404763e+01   2.688326e+02   4.646893e+02   4.679716e-01
   4.413634e+01   2.608173e+02   4.565526e+02   4.663584e-01
   4.422523e+01   2.530291e+02   4.486177e+02   4.646549e-01
   4.431430e+01   2.456095e+02   4.409375e+02   4.628723e-01
   4.440354e+01   2.384448e+02   4.334637e+02   4.610131e-01
   4.449297e+01   2.315792e+02   4.262125e+02   4.590867e-01
   4.458258e+01   2.249876e+02   4.191701e+02   4.570981e-01
   4.467236e+01   2.186364e+02   4.123192e+02   4.550509e-01
   4.476233e+01   2.125775e+02   4.056780e+02   4.529552e-01
   4.485248e+01   2.067024e+02   3.991993e+02   4.508074e-01
   4.494281e+01   2.011281e+02   3.929292e+02   4.486242e-01
   4.503333e+01   1.957063e+02   3.868031e+02   4.463959e-01
   4.512402e+01   1.905562e+02   3.808693e+02   4.441415e-01
   4.521490e+01   1.855634e+02   3.750764e+02   4.418518e-01
   4.530596e+01   1.807854e+02   3.694470e+02   4.395388e-01
   4.539720e+01   1.761819e+02   3.639612e+02   4.372017e-01
   4.548863e+01   1.717447e+02   3.586132e+02   4.348431e-01
   4.558024e+01   1.674977e+02   3.534110e+02   4.324709e-01
   4.567204e+01   1.633723e+02   3.483234e+02   4.300780e-01
   4.576402e+01   1.594457e+02   3.433838e+02   4.276823e-01
   4.585619e+01   1.556188e+02   3.385450e+02   4.252686e-01
   4.594854e+01   1.519700e+02   3.338406e+02   4.228555e-01
   4.604108e+01   1.484277e+02   3.292367e+02   4.204318e-01
   4.613380e+01   1.450205e+02   3.247456e+02   4.180069e-01
   4.622671e+01   1.417347e+02   3.203594e+02   4.155807e-01
   4.631981e+01   1.385483e+02   3.160661e+02   4.131506e-01
   4.641310e+01   1.354974e+02   3.118808e+02   4.107283e-01
   4.650657e+01   1.325178e+02   3.077728e+02   4.083000e-01
   4.660023e+01   1.296771e+02   3.037721e+02   4.058851e-01
   4.669408e+01   1.269048e+02   2.998449e+02   4.034679e-01
   4.678812e+01   1.242383e+02   2.960081e+02   4.010611e-01
   4.688235e+01   1.216561e+02   2.922502e+02   3.986605e-01
   4.697677e+01   1.191493e+02   2.885660e+02   3.962653e-01
   4.707138e+01   1.167402e+02   2.849648e+02   3.938837e-01
   4.716618e+01   1.143823e+02   2.814239e+02   3.915037e-01
   4.726117e+01   1.121262e+02   2.779681e+02   3.891437e-01
   4.735635e+01   1.099188e+02   2.745694e+02   3.867875e-01
   4.745173e+01   1.077906e+02   2.712416e+02   3.844461e-01
   4.754729e+01   1.057267e+02   2.679765e+02   3.821161e-01
   4.764305e+01   1.037159e+02   2.647684e+02   3.797954e-01
   4.773900e+01   1.017803e+02   2.616278e+02   3.774930e-01
   4.783514e+01   9.988227e+01   2.585349e+02   3.751965e-01
   4.793148e+01   9.806101e+01   2.555088e+02   3.729213e-01
   4.802801e+01   9.627964e+01   2.525303e+02   3.706549e-01
   4.812474e+01   9.455143e+01   2.496060e+02   3.684038e-01
   4.822166e+01   9.287518e+01   2.467348e+02   3.661684e-01
   4.831878e+01   9.123308e+01   2.439067e+02   3.639425e-01
   4.841609e+01   8.965454e+01   2.411366e+02   3.617387e-01
   4.851360e+01   8.810386e+01   2.384052e+02   3.595434e-01
   4.861130e+01   8.660660e+01   2.357245e+02   3.573673e-01
   4.870920e+01   8.514666e+01   2.330861e+02   3.552048e-01
   4.880730e+01   8.372047e+01   2.304883e+02   3.530554e-01
   4.890559e+01   8.234163e+01   2.279381e+02   3.509256e-01
   4.900409e+01   8.098565e+01   2.254216e+02   3.488054e-01
   4.910278e+01   7.967716e+01   2.229520e+02   3.467064e-01
   4.920167e+01   7.839451e+01   2.205170e+02   3.446195e-01
   4.930076e+01   7.714481e+01   2.181195e+02   3.425478e-01
   4.940005e+01   7.593336e+01   2.157620e+02   3.404942e-01
   4.949954e+01   7.474080e+01   2.134342e+02   3.384506e-01
   4.959923e+01   7.358831e+01   2.111491e+02   3.364290e-01
   4.969912e+01   7.245457e+01   2.088929e+02   3.344182e-01
   4.979921e+01   7.135114e+01   2.066713e+02   3.324238e-01
   4.989950e+01   7.027841e+01   2.044840e+02   3.304464e-01
   5.000000e+01   6.922141e+01   2.023231e+02   3.284792e-01